12 2
0.117647 0.875 0.721311 0 0 0.341282 0.105892 0.0166667 0.102941125 0.631147125 0 0 0 1
0.117647 0.635 0.377049 0.21 0.395981 0.512668 0.0418446 0.0166667 0.074705845 0.239426115 0.07918029 0.08315601 0 1
0.352941 0.755 0.508197 0.31 0.141844 0.529061 0.262169 0.116667 0.266470455 0.383688735 0.15754107 0.04397164 0 1
0.470588 0.425 0.45082 0.2 0 0.363636 0.0247652 0.35 0.1999999 0.1915985 0.090164 0 0 1
0.294118 0.695 0.655738 0.35 0.189125 0.470939 0.120837 0.0666667 0.20441201 0.45573791 0.2295083 0.06619375 1 0
0.117647 0.46 0.508197 0.28 0 0.470939 0.0222032 0.05 0.05411762 0.23377062 0.14229516 0 0 1
0.117647 0.67 0.57377 0 0 0.4307 0.198121 0.0333333 0.07882349 0.3844259 0 0 1 0
0.352941 0.57 0.721311 0 0 0.414307 0.0721605 0.75 0.20117637 0.41114727 0 0 0 1
0 0.9 0.737705 0.26 0.106383 0.543964 0.100769 0.233333 0 0.6639345 0.1918033 0.02765958 1 0
0.235294 0.48 0.459016 0.17 0.0579196 0.309985 0.11187 0.0833333 0.11294112 0.22032768 0.07803272 0.009846332 0 1
0.0588235 0.7 0.606557 0.26 0.212766 0.359165 0.320239 0.0333333 0.04117645 0.4245899 0.15770482 0.05531916 0 1
0.0588235 0.42 0.52459 0.23 0.135934 0.549925 0.167805 0.116667 0.02470587 0.2203278 0.1206557 0.03126482 0 1
0.0588235 0.555 0.508197 0.13 0.21513 0.357675 0.0256191 0.0333333 0.0326470425 0.282049335 0.06606561 0.0279669 0 1
0.117647 0.525 0.47541 0.4 0.111111 0.520119 0.0627669 0.0666667 0.061764675 0.24959025 0.190164 0.0444444 0 1
0 0.66 0.639344 0 0 0.482861 0.1345 0 0 0.42196704 0 0 0 1
0.235294 0.55 0.622951 0.2 0.118203 0.423249 0.0170794 0.1 0.1294117 0.34262305 0.1245902 0.0236406 0 1
0.176471 0.555 0.508197 0 0 0.336811 0.0273271 0 0.097941405 0.282049335 0 0 0 1
0.470588 0.6 0.639344 0 0 0.372578 0.141332 0.716667 0.2823528 0.3836064 0 0 0 1
0 0.835 0 0 0 0.481371 0.324936 0.15 0 0 0 0 1 0
0.235294 0.45 0.721311 0.47 0.0638298 0.561848 0.121264 0.133333 0.1058823 0.32458995 0.33901617 0.030000006 0 1
0.117647 0.505 0.47541 0.17 0.313239 0.360656 0.228864 0.0333333 0.059411735 0.24008205 0.0808197 0.05325063 0 1
0.411765 0.735 0.622951 0 0 0.587183 0.0764304 0.366667 0.302647275 0.457868985 0 0 1 0
0 0.525 0.557377 0.22 0 0.298063 0.0674637 0.0166667 0 0.292622925 0.12262294 0 0 1
0.176471 0.4 0 0 0 0 0.0409906 0.0166667 0.0705884 0 0 0 0 1
0.117647 0.45 0.57377 0.17 0 0.406855 0.0029889 0.0166667 0.05294115 0.2581965 0.0975409 0 0 1
0 0.9 0.540984 0.39 0 0.625931 0.774979 0.0666667 0 0.4868856 0.21098376 0 1 0
0.117647 0.64 0.639344 0.37 0.21513 0.645306 0.489325 0.166667 0.07529408 0.40918016 0.23655728 0.0795981 1 0
0.176471 0.87 0.47541 0.22 0.229314 0.490313 0.219898 0.25 0.15352977 0.4136067 0.1045902 0.05044908 1 0
0.294118 0 0.655738 0.32 0 0.611028 0.114432 0.266667 0 0 0.20983616 0 1 0
0.705882 0.7 0.696721 0.33 0 0.557377 0.0708796 0.333333 0.4941174 0.4877047 0.22991793 0 0 1
0.176471 0.615 0.819672 0.35 0.283688 0.853949 0.342442 0.0166667 0.108529665 0.50409828 0.2868852 0.0992908 0 1
0.411765 0.645 0.557377 0.49 0.147754 0.57377 0.154142 0.366667 0.265588425 0.359508165 0.27311473 0.07239946 1 0
0 0.51 0.52459 0.46 0.0921986 0.605067 0.17848 0 0 0.2675409 0.2413114 0.042411356 0 1
0.235294 0.79 0.639344 0 0 0.490313 0.309564 0.166667 0.18588226 0.50508176 0 0 1 0
0.588235 0.84 0.606557 0 0 0.566319 0.195986 0.216667 0.4941174 0.50950788 0 0 1 0
0.0588235 0.44 0.508197 0.24 0.0520095 0.445604 0.146883 0.0333333 0.02588234 0.22360668 0.12196728 0.01248228 0 1
0.235294 0.45 0 0 0 0.417288 0.227156 0.166667 0.1058823 0 0 0 0 1
0.0588235 0.5 0.590164 0.12 0.0827423 0.377049 0.247652 0.116667 0.02941175 0.295082 0.07081968 0.009929076 0 1
0.0588235 0.525 0.47541 0 0 0.362146 0.0465414 0 0.0308823375 0.24959025 0 0 0 1
0.294118 0.485 0.622951 0.27 0 0.530551 0.128096 0.516667 0.14264723 0.302131235 0.16819677 0 1 0
0.117647 0.465 0.52459 0.32 0.189125 0.566319 0.254483 0.0333333 0.054705855 0.24393435 0.1678688 0.06052 1 0
0.294118 0.615 0.606557 0.4 0.0910165 0.508197 0.0815542 0.116667 0.18088257 0.373032555 0.2426228 0.0364066 0 1
0.117647 0.5 0.442623 0.28 0.124113 0.563338 0.179334 0.05 0.0588235 0.2213115 0.12393444 0.03475164 0 1
0.647059 0.775 0.622951 0.28 0.177305 0.496274 0.544406 0.5 0.501470725 0.482787025 0.17442628 0.0496454 1 0
0.588235 0.575 0.803279 0 0 0.357675 0.403074 0.216667 0.338235125 0.461885425 0 0 0 1
0.235294 0.42 0.737705 0.23 0.0661939 0.588674 0.0345858 0.0666667 0.09882348 0.3098361 0.16967215 0.015224597 0 1
0.294118 0.475 0.590164 0.33 0 0.561848 0.12468 0.1 0.13970605 0.2803279 0.19475412 0 0 1
0.117647 0.59 0.655738 0 0 0.639344 0.262596 0 0.06941173 0.38688542 0 0 1 0
0.117647 0.73 0.57377 0.38 0.425532 0.417288 0.110589 0.133333 0.08588231 0.4188521 0.2180326 0.16170216 1 0
0.0588235 0.73 0.459016 0 0 0.442623 0.207515 0.133333 0.042941155 0.33508168 0 0 0 1
0.235294 0.615 0.655738 0.15 0.208038 0.4769 0.15585 0.216667 0.14470581 0.40327887 0.0983607 0.0312057 0 1
0.0588235 0.545 0.491803 0.08 0.21513 0.378539 0.37105 0 0.0320588075 0.268032635 0.03934424 0.0172104 0 1
0.0588235 0.58 0.639344 0.29 0.212766 0.538003 0.17848 0.0666667 0.03411763 0.37081952 0.18540976 0.06170214 0 1
0.176471 0.445 0.606557 0.16 0.100473 0.453055 0.201964 0.283333 0.078529595 0.269917865 0.09704912 0.01607568 0 1
0 0.335 0.622951 0 0 0.675112 0.0495303 0.416667 0 0.208688585 0 0 0 1
0.117647 0.56 0.639344 0.5 0.165485 0.587183 0.0414176 0.05 0.06588232 0.35803264 0.319672 0.0827425 0 1
0.117647 0.525 0.614754 0 0 0.347243 0.205807 0.533333 0.061764675 0.32274585 0 0 0 1
0.235294 0.61 0.557377 0 0 0.52161 0.134927 0.133333 0.14352934 0.33999997 0 0 0 1
0.117647 0.54 0.52459 0 0 0.459016 0.0341588 0 0.06352938 0.2832786 0 0 0 1
0.0588235 0 0.557377 0.35 0 0.4769 0.132792 0.0166667 0 0 0.19508195 0 0 1
0 0.635 0.655738 0.37 0.248227 0.540984 0.309991 0.0333333 0 0.41639363 0.24262306 0.09184399 0 1
0.0588235 0.585 0.491803 0.23 0.125296 0.503726 0.16567 0.1 0.0344117475 0.287704755 0.11311469 0.02881808 0 1
0 0.81 0.622951 0.56 0.118203 0.792846 0.290777 0.0666667 0 0.50459031 0.34885256 0.06619368 1 0
0.352941 0.975 0.57377 0 0 0.460507 0.106746 0.166667 0.344117475 0.55942575 0 0 1 0
0.176471 0.565 0.360656 0.13 0 0.33383 0.0264731 0.0166667 0.099706115 0.20377064 0.04688528 0 0 1
0.0588235 0.385 0.459016 0.3 0.0661939 0.496274 0.500854 0.05 0.0226470475 0.17672116 0.1377048 0.01985817 0 1
0.764706 0.725 0.672131 0.19 0.130024 0.330849 0.0713066 0.6 0.55441185 0.487294975 0.12770489 0.02470456 0 1
0.117647 0.54 0.42623 0.26 0.0744681 0.484352 0.102477 0.0166667 0.06352938 0.2301642 0.1108198 0.019361706 0 1
0.235294 0.545 0.52459 0.44 0.117021 0.518629 0.353117 0.0833333 0.12823523 0.28590155 0.2308196 0.05148924 1 0
0 0.505 0.508197 0 0 0.326379 0.110162 0.0666667 0 0.256639485 0 0 0 1
0.0588235 0 0.606557 0.2 0.0271868 0.412817 0.0943638 0 0 0 0.1213114 0.00543736 0 1
0.470588 0.545 0.622951 0.39 0.134752 0.415797 0.239966 0.166667 0.25647046 0.339508295 0.24295089 0.05255328 1 0
0.470588 0.98 0.622951 0.29 0.330969 0.558867 0.225021 0.6 0.46117624 0.61049198 0.18065579 0.09598101 1 0
0.294118 0.685 0.885246 0 0 0.727273 0.0636208 0.266667 0.20147083 0.60639351 0 0 1 0
0.529412 0.53 0.42623 0 0 0.464978 0.12895 0.35 0.28058836 0.2259019 0 0 0 1
0.117647 0.64 0.52459 0.42 0 0.596125 0.436806 0.05 0.07529408 0.3357376 0.2203278 0 0 1
0 0.54 0.557377 0.2 0 0.406855 0.302733 0.183333 0 0.30098358 0.1114754 0 0 1
0.294118 0.57 0.606557 0 0 0.371088 0.284372 0.6 0.16764726 0.34573749 0 0 0 1
0.0588235 0.545 0.459016 0.21 0.159574 0.375559 0.322374 0.0333333 0.0320588075 0.25016372 0.09639336 0.03351054 0 1
0.411765 0.84 0.721311 0.42 0.379433 0.5693 0.302733 0.316667 0.3458826 0.60590124 0.30295062 0.15936186 1 0
0.0588235 0.405 0.606557 0.41 0.0673759 0.690015 0.434671 0.183333 0.0238235175 0.245655585 0.24868837 0.027624119 0 1
0.117647 0.455 0.508197 0 0 0.406855 0.190863 0.0166667 0.053529385 0.231229635 0 0 0 1
0.411765 0.68 0.737705 0 0 0.445604 0.0563621 0.483333 0.2800002 0.5016394 0 0 0 1
0.411765 0.685 0.737705 0.41 0 0.4769 0.133646 0.3 0.282059025 0.505327925 0.30245905 0 0 1
0.411765 0.71 0.737705 0.24 0.567376 0.453055 0.0213493 0.366667 0.29235315 0.52377055 0.1770492 0.13617024 1 0
0.0588235 0 0.393443 0.2 0 0.368107 0.0264731 0.0166667 0 0 0.0786886 0 0 1
0.294118 0.68 0.688525 0.41 0.104019 0.52161 0.088813 0.233333 0.20000024 0.468197 0.28229525 0.04264779 1 0
0.235294 0.78 0.614754 0 0 0.719821 0.0683177 0.183333 0.18352932 0.47950812 0 0 1 0
0.470588 0.905 0.557377 0.36 0.585106 0.448584 0.229291 0.65 0.42588214 0.504426185 0.20065572 0.21063816 1 0
0.352941 0.435 0.655738 0 0 0.345753 0.00256191 0.183333 0.153529335 0.28524603 0 0 0 1
0 0.895 0.409836 0.36 0.187943 0.563338 0.160974 0.0166667 0 0.36680322 0.14754096 0.06765948 1 0
0.0588235 0.72 0.672131 0.46 0.212766 0.687034 0.109735 0.416667 0.04235292 0.48393432 0.30918026 0.09787236 1 0
0.294118 0.63 0.639344 0.27 0.0260047 0.441133 0.154142 0.316667 0.18529434 0.40278672 0.17262288 0.007021269 0 1
0.588235 0.47 0.590164 0.18 0 0.344262 0.220751 0.583333 0.27647045 0.27737708 0.10622952 0 0 1
0 0.535 0.491803 0.25 0 0.393443 0.0234842 0.0333333 0 0.263114605 0.12295075 0 0 1
0 0.555 0.532787 0 0 0.366617 0.248506 0.166667 0 0.295696785 0 0 0 1
0 0.705 0.688525 0.26 0 0.482861 0.15158 0.0166667 0 0.485410125 0.1790165 0 0 1
0.117647 0.61 0.622951 0.27 0.236407 0.535022 0.172929 0.0833333 0.07176467 0.38000011 0.16819677 0.06382989 0 1
0 0.625 0.557377 0 0 0.368107 0.0546541 0 0 0.348360625 0 0 0 1
0.470588 0.5 0.606557 0.4 0.254137 0.587183 0.248933 0.366667 0.235294 0.3032785 0.2426228 0.1016548 1 0
0.176471 0.605 0.42623 0 0 0.536513 0.0209223 0.0666667 0.106764955 0.25786915 0 0 1 0
0.294118 0.55 0.557377 0 0 0.387481 0.0913749 0.15 0.1617649 0.30655735 0 0 0 1
0.117647 0.5 0.57377 0.52 0.0673759 0.603577 0.255764 0.0666667 0.0588235 0.286885 0.2983604 0.035035468 0 1
0.294118 0.72 0.672131 0.26 0.336879 0.4769 0.159693 0.616667 0.21176496 0.48393432 0.17475406 0.08758854 1 0
0.647059 0.515 0.557377 0.4 0 0.688525 0.0204953 0.35 0.333235385 0.287049155 0.2229508 0 0 1
0.176471 0.48 0.459016 0.34 0.135934 0.368107 0.369769 0.3 0.08470608 0.22032768 0.15606544 0.04621756 0 1
0.176471 0.51 0.360656 0.2 0.111111 0.459016 0.137489 0.0833333 0.09000021 0.18393456 0.0721312 0.0222222 0 1
0.294118 0.385 0.672131 0.41 0.0496454 0.533532 0.0333049 0.233333 0.11323543 0.258770435 0.27557371 0.020354614 0 1
0.470588 0.59 0.590164 0.19 0 0.344262 0.596926 0.416667 0.27764692 0.34819676 0.11213116 0 0 1
0.0588235 0.45 0.508197 0.12 0.0508274 0.405365 0.214347 0.05 0.026470575 0.22868865 0.06098364 0.006099288 0 1
0.0588235 0.9 0 0 0 0.645306 0.087105 0.333333 0.05294115 0 0 0 1 0
0.117647 0.56 0.704918 0.42 0.189125 0.57228 0.0717336 0.116667 0.06588232 0.39475408 0.29606556 0.0794325 0 1
0.0588235 0.515 0.655738 0.11 0.0969267 0.289121 0.176345 0.0166667 0.0302941025 0.33770507 0.07213118 0.010661937 0 1
0.470588 0.6 0 0 0 0.447094 0.0448335 0.283333 0.2823528 0 0 0 1 0
0.529412 0.82 0.688525 0.21 0 0.459016 0.32152 0.183333 0.43411784 0.5645905 0.14459025 0 1 0
0.0588235 0.575 0.57377 0.3 0.113475 0.515648 0.19257 0.183333 0.0338235125 0.32991775 0.172131 0.0340425 1 0
0.352941 0.67 0.57377 0.23 0.153664 0.527571 0.198121 0.133333 0.23647047 0.3844259 0.1319671 0.03534272 1 0
0.0588235 0.445 0.196721 0.19 0.0295508 0.414307 0.20538 0 0.0261764575 0.087540845 0.03737699 0.005614652 0 1
0.117647 0.46 0.622951 0.2 0 0.360656 0.691716 0.116667 0.05411762 0.28655746 0.1245902 0 0 1
0.352941 0.81 0.508197 0 0 0.362146 0.0426985 0.483333 0.28588221 0.41163957 0 0 1 0
0.117647 0.6 0.622951 0.37 0.124113 0.591654 0.058497 0.133333 0.0705882 0.3737706 0.23049187 0.04592181 0 1
0.176471 0.79 0.622951 0.36 0.289598 0.470939 0.33006 0.116667 0.13941209 0.49213129 0.22426236 0.10425528 1 0
0 0.63 0.688525 0.29 0.254137 0.457526 0.188728 0.05 0 0.43377075 0.19967225 0.07369973 0 1
0.470588 0.715 0.540984 0 0 0.520119 0.0217763 0.333333 0.33647042 0.38680356 0 0 1 0
0.352941 0.72 0.590164 0.27 0.269504 0.505216 0.0755764 0.316667 0.25411752 0.42491808 0.15934428 0.07276608 0 1
0 0.67 0.47541 0.2 0.343972 0.393443 0.116994 0 0 0.3185247 0.095082 0.0687944 0 1
0.470588 0.755 0.639344 0.32 0.248227 0.639344 0.18702 0.25 0.35529394 0.48270472 0.20459008 0.07943264 1 0
0.647059 0.635 0.868852 0 0 0.581222 0.0478224 0.5 0.410882465 0.55172102 0 0 0 1
0.0588235 0.64 0.672131 0.17 0.216312 0.409836 0.0157985 0.0166667 0.03764704 0.43016384 0.11426227 0.03677304 0 1
0.176471 0.64 0.590164 0.25 0.224586 0.482861 0.20111 0.1 0.11294144 0.37770496 0.147541 0.0561465 1 0
0.117647 0.61 0.491803 0.18 0.125296 0.444113 0.272844 0.0166667 0.07176467 0.29999983 0.08852454 0.02255328 0 1
0.588235 0.895 0.57377 0 0 0.5231 0.0520922 0.266667 0.526470325 0.51352415 0 0 0 1
0.352941 0.83 0.606557 0 0 0.396423 0.0964987 0.75 0.29294103 0.50344231 0 0 0 1
0.0588235 0.56 0.590164 0.3 0.208038 0.512668 0.192143 0.0666667 0.03294116 0.33049184 0.1770492 0.0624114 0 1
0 0.895 0.737705 0.27 0 0.657228 0.259607 0.0333333 0 0.660245975 0.19918035 0 1 0
0.352941 0.625 0.639344 0.31 0 0.411326 0.207942 0.466667 0.220588125 0.39959 0.19819664 0 1 0
0.176471 0.495 0.442623 0.19 0.101655 0.38152 0.0324509 0.05 0.087353145 0.219098385 0.08409837 0.01931445 0 1
0.588235 0.81 0.688525 0 0 0.412817 0.0444065 0.55 0.47647035 0.55770525 0 0 0 1
0 0.7 0.532787 0.26 0.153664 0.634873 0.150726 0.05 0 0.3729509 0.13852462 0.03995264 1 0
0.588235 0.695 0.655738 0 0 0.403875 0.581981 0.6 0.408823325 0.45573791 0 0 0 1
0.294118 0.585 0.704918 0.3 0.124113 0.582712 0.0738685 0.35 0.17205903 0.41237703 0.2114754 0.0372339 0 1
0.411765 0.97 0.557377 0.28 0 0.535022 0.284799 0.333333 0.39941205 0.54065569 0.15606556 0 1 0
0.176471 0.6 0.57377 0.3 0.159574 0.639344 0.159693 0.15 0.1058826 0.344262 0.172131 0.0478722 0 1
0.0588235 0.485 0.52459 0.19 0.0969267 0.271237 0.0943638 0 0.0285293975 0.25442615 0.0996721 0.018416073 0 1
0 0.735 0.696721 0.54 0 0.637854 0.126815 0.05 0 0.512089935 0.37622934 0 0 1
0.176471 0.42 0.590164 0.32 0 0.554396 0.0807003 0.116667 0.07411782 0.24786888 0.18885248 0 0 1
0.235294 0.59 0.57377 0 0 0.663189 0.35269 0.0833333 0.13882346 0.3385243 0 0 0 1
0.176471 0.79 0.52459 0.13 0.457447 0.464978 0.0926558 0.05 0.13941209 0.4144261 0.0681967 0.05946811 0 1
0.0588235 0.595 0.360656 0.47 0.0744681 0.529061 0.0862511 0.0666667 0.0349999825 0.21459032 0.16950832 0.035000007 0 1
0 0.52 0.52459 0.23 0.137116 0.414307 0.160547 0.0333333 0 0.2727868 0.1206557 0.03153668 0 1
0.411765 0.665 0.688525 0 0 0.599106 0.263877 0.266667 0.273823725 0.457869125 0 0 0 1
0.352941 0.51 0.737705 0.39 0 0.532042 0.254483 0.116667 0.17999991 0.37622955 0.28770495 0 0 1
0.352941 0.625 0.622951 0 0 0.503726 0.0183604 0.55 0.220588125 0.389344375 0 0 1 0
0.0588235 0.555 0.770492 0 0 0.488823 0.0798463 0.4 0.0326470425 0.42762306 0 0 0 1
0 0.285 0.491803 0 0 0.323398 0.280529 0.766667 0 0.140163855 0 0 0 1
0 0.5 0.721311 0.6 0.130024 0.697466 0.377455 0.166667 0 0.3606555 0.4327866 0.0780144 0 1
0.0588235 0.54 0.491803 0.46 0.210402 0.529061 0.143894 0.05 0.03176469 0.26557362 0.22622938 0.09678492 0 1
0.352941 0.49 0.47541 0.33 0.224586 0.506706 0.150299 0.366667 0.17294109 0.2329509 0.1568853 0.07411338 0 1
0.117647 0.61 0.42623 0.43 0.186761 0.539493 0.315115 0.116667 0.07176467 0.2600003 0.1832789 0.08030723 0 1
0.0588235 0.41 0.52459 0.13 0.112293 0.315946 0.143894 0.0333333 0.024117635 0.2150819 0.0681967 0.01459809 0 1
0.176471 0.39 0.57377 0 0 0.484352 0.0819812 0.3 0.06882369 0.2237703 0 0 0 1
0.117647 0.495 0.57377 0.16 0.0520095 0.304024 0.0670367 0.1 0.058235265 0.28401615 0.0918032 0.00832152 0 1
0.0588235 0.695 0.377049 0.19 0.0981087 0.42772 0.245944 0.0166667 0.0408823325 0.262049055 0.07163931 0.018640653 0 1
0.176471 0.44 0.47541 0.11 0.0638298 0.369598 0.0807003 0.0166667 0.07764724 0.2091804 0.0522951 0.007021278 0 1
0.294118 0.54 0.590164 0.43 0.0886525 0.538003 0.0789923 0.2 0.15882372 0.31868856 0.25377052 0.038120575 0 1
0 0.825 0.622951 0.43 0.301418 0.71386 0.0772844 0.0833333 0 0.513934575 0.26786893 0.12960974 0 1
0.235294 0.455 0.57377 0.32 0.104019 0.493294 0.157131 0.0166667 0.10705877 0.26106535 0.1836064 0.03328608 0 1
0.117647 0.47 0.622951 0.18 0.0780142 0.470939 0.243809 0.0333333 0.05529409 0.29278697 0.11213118 0.014042556 0 1
0 0.565 0.655738 0.16 0 0.461997 0.33988 0 0 0.37049197 0.10491808 0 0 1
0.176471 0.565 0.409836 0.1 0.100473 0.439642 0.233988 0.0666667 0.099706115 0.23155734 0.0409836 0.0100473 0 1
0.117647 0.49 0.491803 0.17 0.141844 0.517139 0.0512383 0.0166667 0.05764703 0.24098347 0.08360651 0.02411348 0 1
0.0588235 0.4 0.45082 0 0 0.28465 0.0768574 0 0.0235294 0.180328 0 0 0 1
0.294118 0.545 0.614754 0.26 0 0.536513 0.199829 0.65 0.16029431 0.33504093 0.15983604 0 0 1
0.235294 0.47 0.532787 0.22 0 0.368107 0.029889 0 0.11058818 0.25040989 0.11721314 0 0 1
0.0588235 0.64 0.393443 0.45 0.229314 0.603577 0.228437 0.05 0.03764704 0.25180352 0.17704935 0.1031913 1 0
0 0.675 0.557377 0.42 0.295508 0.630402 0.122545 0.05 0 0.376229475 0.23409834 0.12411336 1 0
0.117647 0.645 0.606557 0.26 0.242317 0.494784 0.219044 0.0666667 0.075882315 0.391229265 0.15770482 0.06300242 0 1
0.117647 0.525 0.655738 0.45 0.225768 0.502235 0.270282 0.133333 0.061764675 0.34426245 0.2950821 0.1015956 1 0
0.235294 0.72 0.47541 0.28 0.165485 0.439642 0.08924 0.266667 0.16941168 0.3422952 0.1331148 0.0463358 0 1
0.529412 0.56 0.672131 0.32 0.206856 0.509687 0.0777114 0.25 0.29647072 0.37639336 0.21508192 0.06619392 1 0
0 0.655 0.721311 0 0 0.470939 0.283945 0.183333 0 0.472458705 0 0 1 0
0.647059 0.425 0.606557 0 0 0.448584 0.0947908 0.233333 0.275000075 0.257786725 0 0 0 1
0.235294 0.415 0.704918 0.19 0 0.436662 0.10205 0.216667 0.09764701 0.29254097 0.13393442 0 0 1
0.529412 0.36 0.639344 0.25 0 0.470939 0.0862511 0.283333 0.19058832 0.23016384 0.159836 0 0 1
0.176471 0.65 0.52459 0 0 0.344262 0.100769 0.0166667 0.11470615 0.3409835 0 0 0 1
0.176471 0.37 0.557377 0.28 0.0531915 0.442623 0.0918019 0.0333333 0.06529427 0.20622949 0.15606556 0.01489362 0 1
0.352941 0.615 0.590164 0.45 0.271868 0.500745 0.279675 0.216667 0.217058715 0.36295086 0.2655738 0.1223406 0 1
0.0588235 0.475 0.491803 0.18 0.0685579 0.356185 0.0777114 0.0166667 0.0279411625 0.233606425 0.08852454 0.012340422 0 1
0.470588 0.535 0.655738 0 0 0.366617 0.332195 0.216667 0.25176458 0.35081983 0 0 0 1
0.235294 0.73 0.754098 0 0 0.464978 0.19684 0.666667 0.17176462 0.55049154 0 0 1 0
0.0588235 0.355 0.639344 0.5 0.0531915 0.494784 0.146883 0 0.0208823425 0.22696712 0.319672 0.02659575 0 1
0.294118 0.525 0.590164 0.29 0.384161 0.549925 0.0345858 0.116667 0.15441195 0.3098361 0.17114756 0.11140669 0 1
0 0.485 0.52459 0.36 0.118203 0.548435 0.222886 0.0666667 0 0.25442615 0.1888524 0.04255308 0 1
0 0.565 0.622951 0 0 0.496274 0.0853971 0.0333333 0 0.351967315 0 0 1 0
0.0588235 0.84 0.721311 0.29 0 0.52161 0.353117 0.516667 0.04941174 0.60590124 0.20918019 0 1 0
0.235294 0.6 0.557377 0 0 0.441133 0.269428 0.216667 0.1411764 0.3344262 0 0 0 1
0.0588235 0.395 0.655738 0.25 0.0437352 0.378539 0.215628 0.0166667 0.0232352825 0.25901651 0.1639345 0.0109338 0 1
0.411765 0.805 0.704918 0 0 0.453055 0.0371477 0.433333 0.331470825 0.56745899 0 0 1 0
0.0588235 0.465 0.459016 0.11 0 0.33532 0.144748 0.0166667 0.0273529275 0.21344244 0.05049176 0 0 1
0.0588235 0.64 0.803279 0.41 0.0685579 0.4769 0.530743 0.2 0.03764704 0.51409856 0.32934439 0.028108739 1 0
0.411765 0.8 0.442623 0.32 0.206856 0.454545 0.217763 0.3 0.329412 0.3540984 0.14163936 0.06619392 1 0
0.352941 0.77 0.606557 0.32 0.228132 0.436662 0.324936 0.3 0.27176457 0.46704889 0.19409824 0.07300224 0 1
0.235294 0.865 0.57377 0.14 0.198582 0.442623 0.120837 0.2 0.20352931 0.49631105 0.0803278 0.02780148 1 0
0.0588235 0.45 0.508197 0.18 0.06974 0.374069 0.508113 0.0666667 0.026470575 0.22868865 0.09147546 0.0125532 0 1
0.0588235 0.63 0.459016 0.29 0.179669 0.42772 0.308711 0 0.037058805 0.28918008 0.13311464 0.05210401 0 1
0.176471 0.65 0.639344 0.23 0.0933806 0.423249 0.104611 0.216667 0.11470615 0.4155736 0.14704912 0.021477538 1 0
0.294118 0.695 0.52459 0.35 0.165485 0.42623 0.142186 0.0833333 0.20441201 0.36459005 0.1836065 0.05791975 0 1
0.0588235 0.61 0.52459 0.32 0.184397 0.5231 0.262169 0.15 0.035882335 0.3199999 0.1678688 0.05900704 1 0
0.235294 0.915 0 0 0 0.423249 0.0572161 0.25 0.21529401 0 0 0 1 0
0 0.57 0.655738 0.34 0.336879 0.658718 0.0380017 0.1 0 0.37377066 0.22295092 0.11453886 0 1
0.235294 0.67 0.590164 0 0 0.354694 0.0849701 0.65 0.15764698 0.39540988 0 0 1 0
0.411765 0.415 0.639344 0.26 0.0839243 0.436662 0.294193 0.25 0.170882475 0.26532776 0.16622944 0.021820318 0 1
0.117647 0.56 0.557377 0.22 0.111111 0.508197 0.101196 0.0833333 0.06588232 0.31213112 0.12262294 0.02444442 0 1
0.294118 0.79 0.688525 0.41 0.248227 0.587183 0.135354 0.133333 0.23235322 0.54393475 0.28229525 0.10177307 1 0
0.529412 0.725 0.655738 0.46 0.153664 0.564829 0.238685 0.316667 0.3838237 0.47541005 0.30163948 0.07068544 1 0
0 0.805 0.409836 0 0 0.326379 0.0751494 0.733333 0 0.32991798 0 0 0 1
0.235294 0.945 0.901639 0.31 0 0.424739 0.257045 0.266667 0.22235283 0.852048855 0.27950809 0 0 1
0 0.585 0.655738 0.31 0.0626478 0.673621 0.00469684 0.05 0 0.38360673 0.20327878 0.019420818 0 1
0.411765 0.905 0.688525 0.21 0.22695 0.535022 0.216909 0.5 0.372647325 0.623115125 0.14459025 0.0476595 1 0
0.235294 0.495 0.622951 0.15 0.0602837 0.345753 0.0619129 0 0.11647053 0.308360745 0.09344265 0.009042555 0 1
0.0588235 0.445 0.540984 0.23 0.111111 0.418778 0.0380017 0 0.0261764575 0.24073788 0.12442632 0.02555553 0 1
0.0588235 0.555 0.704918 0.19 0 0.448584 0.0277541 0.0333333 0.0326470425 0.39122949 0.13393442 0 0 1
0.235294 0.705 0.606557 0 0 0.411326 0.0708796 0.316667 0.16588227 0.427622685 0 0 0 1
0.588235 0.805 0.557377 0.23 0.156028 0.38003 0.105892 0.433333 0.473529175 0.448688485 0.12819671 0.03588644 1 0
0.235294 0.58 0.590164 0.12 0.102837 0.329359 0.164389 0.266667 0.13647052 0.34229512 0.07081968 0.01234044 0 1
0.0588235 0.58 0.57377 0.28 0 0.408346 0.0538002 0 0.03411763 0.3327866 0.1606556 0 0 1
0.294118 0.61 0.704918 0 0 0.517139 0.0905209 0.2 0.17941198 0.42999998 0 0 0 1
0.0588235 0.455 0.52459 0.24 0 0.435171 0.0486763 0 0.0267646925 0.23868845 0.1259016 0 0 1
0.117647 0.5 0.52459 0.23 0 0.442623 0.123826 0 0.0588235 0.262295 0.1206557 0 0 1
0.117647 0.6 0.442623 0 0 0.399404 0.160974 0.1 0.0705882 0.2655738 0 0 0 1
0.117647 0.71 0.672131 0.18 0.0756501 0.368107 0.291631 0 0.08352937 0.47721301 0.12098358 0.013617018 0 1
0.294118 0.58 0.606557 0 0 0.38152 0.0525192 0.15 0.17058844 0.35180306 0 0 0 1
0.294118 0.62 0.606557 0 0 0.506706 0.0606319 0.283333 0.18235316 0.37606534 0 0 1 0
0.470588 0.88 0.737705 0.34 0.35461 0.502235 0.166097 0.616667 0.41411744 0.6491804 0.2508197 0.1205674 1 0
0 0.51 0.614754 0.23 0 0 0.210931 0 0 0.31352454 0.14139342 0 0 1
0.0588235 0.54 0.721311 0.19 0 0.403875 0.137489 0.05 0.03176469 0.38950794 0.13704909 0 0 1
0.0588235 0.905 0.639344 0.42 0.346336 0.596125 0.503843 0.0166667 0.0532352675 0.57860632 0.26852448 0.14546112 1 0
0 0.525 0.688525 0 0 0.415797 0.283091 0.683333 0 0.361475625 0 0 1 0
0.470588 0.325 0.590164 0.23 0 0.4769 0.222886 0.35 0.1529411 0.1918033 0.13573772 0 0 1
0 0.62 0.57377 0.2 0 0.408346 0.0751494 0.25 0 0.3557374 0.114754 0 1 0
0.0588235 0.425 0.540984 0.29 0 0.396423 0.116567 0.166667 0.0249999875 0.2299182 0.15688536 0 0 1
0 0.99 0.540984 0.32 0.323877 0.615499 0.181042 0.116667 0 0.53557416 0.17311488 0.10364064 1 0
0.470588 0.775 0.508197 0.26 0.585106 0.506706 0.198548 0.416667 0.3647057 0.393852675 0.13213122 0.15212756 1 0
0.176471 0.48 0.639344 0.39 0 0.555887 0.0683177 0.316667 0.08470608 0.30688512 0.24934416 0 0 1
0.764706 0.63 0.737705 0 0 0.646796 0.215628 0.35 0.48176478 0.46475415 0 0 1 0
0.117647 0.41 0.42623 0.22 0.135934 0.424739 0.692143 0.0666667 0.04823527 0.1747543 0.0937706 0.02990548 0 1
0.294118 0.44 0.540984 0.21 0.0271868 0.363636 0.112724 0.15 0.12941192 0.23803296 0.11360664 0.005709228 0 1
0.0588235 0.435 0.639344 0.27 0.0378251 0.515648 0.00982067 0.0166667 0.0255882225 0.27811464 0.17262288 0.010212777 0 1
0.0588235 0.745 0.557377 0.29 0.150118 0.436662 0.115713 0.35 0.0438235075 0.415245865 0.16163933 0.04353422 1 0
0.117647 0.985 0.57377 0.99 0 0.517139 0.212212 0.683333 0.115882295 0.56516345 0.5680323 0 1 0
0.235294 0.625 0.57377 0.18 0.144208 0.4307 0.455167 0.4 0.14705875 0.35860625 0.1032786 0.02595744 1 0
0.176471 0.41 0.57377 0 0 0.314456 0.132792 0.0666667 0.07235311 0.2352457 0 0 0 1
0.117647 0.555 0.491803 0 0 0.390462 0.113151 0.0333333 0.065294085 0.272950665 0 0 0 1
0.529412 0.6 0.590164 0.22 0.0661939 0.309985 0.279675 0.45 0.3176472 0.3540984 0.12983608 0.014562658 0 1
0.235294 0.66 0 0 0 0.490313 0.0956447 0.0333333 0.15529404 0 0 0 1 0
0.470588 0.94 0.639344 0 0 0.71386 0.0251921 0.366667 0.44235272 0.60098336 0 0 1 0
0.117647 0.375 0.52459 0.24 0.0650118 0.442623 0.12468 0.2 0.044117625 0.19672125 0.1259016 0.015602832 0 1
0 0.905 0.721311 0.44 0.602837 0.645306 0.0614859 0.0833333 0 0.652786455 0.31737684 0.26524828 1 0
0 0.51 0.639344 0.4 0.106383 0.514158 0.0683177 0.05 0 0.32606544 0.2557376 0.0425532 0 1
0.470588 0.665 0.590164 0 0 0.490313 0.0819812 0.3 0.31294102 0.39245906 0 0 1 0
0.0588235 0.495 0.590164 0.3 0.0212766 0.575261 0.142613 0 0.0291176325 0.29213118 0.1770492 0.00638298 0 1
0 0.455 0.655738 0 0 0.482861 0.223313 0.1 0 0.29836079 0 0 0 1
0.352941 0.57 0 0 0 0 0.0473954 0.0833333 0.20117637 0 0 0 0 1
0.117647 0.475 0.442623 0.14 0.104019 0.388972 0.28608 0.0166667 0.055882325 0.210245925 0.06196722 0.01456266 0 1
0.176471 0.66 0.655738 0 0 0.512668 0.138343 0.383333 0.11647086 0.43278708 0 0 1 0
0.823529 0.5 0.639344 0.25 0.217494 0.545455 0.142613 0.416667 0.4117645 0.319672 0.159836 0.0543735 1 0
0.411765 0.89 0.688525 0 0 0.594635 0.108027 0.333333 0.36647085 0.61278725 0 0 1 0
0.176471 0.495 0.508197 0.19 0.0874704 0.324888 0.0858241 0.0833333 0.087353145 0.251557515 0.09655743 0.016619376 0 1
0.176471 0.555 0.737705 0.12 0.0921986 0.423249 0.178053 0.133333 0.097941405 0.409426275 0.0885246 0.011063832 0 1
0.294118 0.64 0.655738 0 0 0.515648 0.028181 0.4 0.18823552 0.41967232 0 0 0 1
0 0.625 0.786885 0 0 0.33532 0.0785653 0 0 0.491803125 0 0 0 1
0.470588 0.54 0.57377 0 0 0.454545 0.374466 0.2 0.25411752 0.3098358 0 0 1 0
0.176471 0.535 0.508197 0.13 0.0567376 0.341282 0.256191 0.0333333 0.094411985 0.271885395 0.06606561 0.007375888 1 0
0.294118 0.58 0.606557 0.29 0 0.481371 0.248506 0.233333 0.17058844 0.35180306 0.17590153 0 1 0
0.411765 0.795 0.540984 0 0 0.453055 0.130231 0.25 0.327353175 0.43008228 0 0 1 0
0.176471 0.705 0 0 0 0.447094 0.291631 0.1 0.124412055 0 0 0 1 0
0 0.865 0.639344 0.32 0.313239 0.692996 0.461571 0.616667 0 0.55303256 0.20459008 0.10023648 0 1
0 0.81 0.622951 0.36 0 0.739195 0.122118 0.0833333 0 0.50459031 0.22426236 0 1 0
0 0.62 0.459016 0.13 0.124113 0.324888 0.159693 0 0 0.28458992 0.05967208 0.01613469 0 1
0.235294 0.585 0.52459 0.27 0.141844 0.494784 0.0649018 0.05 0.13764699 0.30688515 0.1416393 0.03829788 0 1
0.117647 0.61 0.57377 0.27 0 0.548435 0.11187 0.1 0.07176467 0.3499997 0.1549179 0 0 1
0.0588235 0.56 0.655738 0.45 0.156028 0.518629 0.059351 0.05 0.03294116 0.36721328 0.2950821 0.0702126 0 1
0.470588 0.93 0.737705 0.35 0.265957 0.514158 0.14731 0.266667 0.43764684 0.68606565 0.25819675 0.09308495 1 0
0.0588235 0.595 0.721311 0.41 0.200946 0.675112 0.183177 0.0833333 0.0349999825 0.429180045 0.29573751 0.08238786 0 1
0.705882 0.755 0.57377 0.4 0.320331 0.622951 0.283518 0.283333 0.53294091 0.43319635 0.229508 0.1281324 1 0
0 0.51 0.42623 0 0 0.374069 0 0 0 0.2173773 0 0 0 1
0.235294 0.475 0.57377 0.32 0 0.47839 0.22801 0.05 0.11176465 0.27254075 0.1836064 0 0 1
0 0.825 0.737705 0.33 0.803783 0.779434 0.149018 0.0333333 0 0.608606625 0.24344265 0.26524839 0 1
0 0.475 0.696721 0.25 0.0425532 0.557377 0.0721605 0.05 0 0.330942475 0.17418025 0.0106383 1 0
0.352941 0.825 0.557377 0.26 0.198582 0.500745 0.236123 0.466667 0.291176325 0.459836025 0.14491802 0.05163132 0 1
0.117647 0.45 0.557377 0.42 0 0.5693 0.181469 0.1 0.05294115 0.25081965 0.23409834 0 1 0
0.588235 0.375 0.672131 0 0 0.496274 0.0789923 0.283333 0.220588125 0.252049125 0 0 0 1
0.176471 0.695 0.442623 0 0 0.38152 0.138343 0.0166667 0.122647345 0.307622985 0 0 1 0
0.352941 0.46 0.508197 0.32 0.148936 0.4769 0.0029889 0.416667 0.16235286 0.23377062 0.16262304 0.04765952 0 1
0.352941 0.515 0.590164 0.32 0.224586 0.561848 0.105038 0.566667 0.181764615 0.30393446 0.18885248 0.07186752 0 1
0 0.59 0.688525 0.47 0.271868 0.682563 0.201964 0.166667 0 0.40622975 0.32360675 0.12777796 1 0
0.529412 0.78 0.704918 0.28 0.183215 0.511177 0.474381 0.35 0.41294136 0.54983604 0.19737704 0.0513002 1 0
0.0588235 0.355 0.393443 0.18 0.0898345 0.304024 0.104611 0.0166667 0.0208823425 0.139672265 0.07081974 0.01617021 0 1
0.235294 0.425 0.47541 0.22 0.0579196 0.414307 0.0973527 0.116667 0.09999995 0.20204925 0.1045902 0.012742312 0 1
0.411765 0.535 0.606557 0 0 0.441133 0.0751494 0.166667 0.220294275 0.324507995 0 0 1 0
0 0.76 0.672131 0.39 0.321513 0.61848 0.0819812 0.1 0 0.51081956 0.26213109 0.12539007 0 1
0.0588235 0.595 0.442623 0.13 0.0591017 0.33234 0.0542272 0.05 0.0349999825 0.263360685 0.05754099 0.007683221 0 1
0.470588 0.63 0.721311 0.36 0.12766 0.57377 0.115713 0.466667 0.29647044 0.45442593 0.25967196 0.0459576 0 1
0.588235 0.665 0.557377 0 0 0.402385 0.0713066 0.25 0.391176275 0.370655705 0 0 0 1
0.352941 0.95 0.754098 0 0 0.529061 0.0853971 0.75 0.33529395 0.7163931 0 0 1 0
0.0588235 0.61 0.737705 0.51 0.260047 0.740686 0.105465 0.166667 0.035882335 0.45000005 0.37622955 0.13262397 1 0
0.176471 0.79 0.57377 0.3 0.387707 0.529061 0.113578 0.233333 0.13941209 0.4532783 0.172131 0.1163121 1 0
0.0588235 0.445 0.622951 0.34 0.0437352 0.464978 0.0486763 0.0333333 0.0261764575 0.277213195 0.21180334 0.014869968 0 1
0 0.365 0 0 0 0.314456 0.112724 0.0666667 0 0 0 0 0 1
0 0.505 0.532787 0.28 0 0.366617 0.0678907 0.0166667 0 0.269057435 0.14918036 0 0 1
0.235294 0.735 0.606557 0.25 0.346336 0.520119 0.131085 0.15 0.17294109 0.445819395 0.15163925 0.086584 0 1
0.411765 0.31 0.639344 0 0 0.485842 0.133646 0.333333 0.12764715 0.19819664 0 0 0 1
0.470588 0.63 0.606557 0.38 0.0886525 0.385991 0.0358668 0.3 0.29647044 0.38213091 0.23049166 0.03368795 0 1
0.294118 0.555 0.590164 0.28 0 0.356185 0.140478 0.1 0.16323549 0.32754102 0.16524592 0 0 1
0.117647 0.34 0.57377 0.32 0.0780142 0.372578 0.0465414 0.0666667 0.03999998 0.1950818 0.1836064 0.024964544 0 1
0 0.9 0.639344 0.63 0.0165485 0.885246 1 0.0666667 0 0.5754096 0.40278672 0.010425555 1 0
0.294118 0.65 0.672131 0 0 0.582712 0.374893 0.266667 0.1911767 0.43688515 0 0 1 0
0 0.59 0.52459 0.23 0.105201 0 0.705807 0 0 0.3095081 0.1206557 0.02419623 0 1
0.0588235 0.5 0.540984 0.29 0.231678 0.4769 0.156277 0.35 0.02941175 0.270492 0.15688536 0.06718662 0 1
0.0588235 0.46 0.508197 0.25 0.0484634 0.290611 0.172502 0.0666667 0.02705881 0.23377062 0.12704925 0.01211585 0 1
0.0588235 0.53 0.622951 0 0 0.558867 0.0508113 0.0833333 0.031176455 0.33016403 0 0 0 1
0.411765 0.595 0 0 0 0.375559 0.0559351 0.266667 0.245000175 0 0 0 0 1
0.470588 0.56 0.590164 0 0 0.351714 0.325363 0.616667 0.26352928 0.33049184 0 0 0 1
0 0.6 0.606557 0.18 0.0744681 0.454545 0.088386 0.0833333 0 0.3639342 0.10918026 0.013404258 0 1
0.235294 0.685 0.688525 0 0 0.464978 0.0742955 0.15 0.16117639 0.471639625 0 0 0 1
0 0.69 0 0 0 0.540984 0.365073 0.0666667 0 0 0 0 1 0
0.0588235 0.62 0.491803 0.32 0 0.533532 0.186166 0 0.03647057 0.30491786 0.15737696 0 0 1
0.0588235 0.735 0.770492 0.41 0 0.734724 0.119556 0.1 0.0432352725 0.56631162 0.31590172 0 1 0
0.235294 0.625 0.655738 0 0 0.481371 0.195559 0.1 0.14705875 0.40983625 0 0 1 0
0.117647 0.585 0.737705 0.19 0.0839243 0.375559 0.100342 0 0.068823495 0.431557425 0.14016395 0.015945617 0 1
0.0588235 0.505 0.409836 0.15 0.0425532 0.360656 0.191289 0.0833333 0.0297058675 0.20696718 0.0614754 0.00638298 0 1
0.647059 0.6 0.655738 0.37 0.177305 0.630402 0.301879 0.45 0.3882354 0.3934428 0.24262306 0.06560285 1 0
0.235294 0.68 0.57377 0 0 0.464978 0.471392 0.0166667 0.15999992 0.3901636 0 0 1 0
0.117647 0.73 0.622951 0.35 0.229314 0.5693 0.107173 0.133333 0.08588231 0.45475423 0.21803285 0.0802599 0 1
0.0588235 0.565 0.52459 0.35 0 0.500745 0.198548 0 0.0332352775 0.29639335 0.1836065 0 1 0
0.411765 0.405 0.639344 0.4 0.0567376 0.695976 0.0781383 0.35 0.166764825 0.25893432 0.2557376 0.02269504 0 1
0 0.49 0.672131 0.15 0.0992908 0.375559 0.0943638 0.0166667 0 0.32934419 0.10081965 0.01489362 0 1
0.117647 0.79 0.737705 0 0 0.470939 0.310418 0.75 0.09294113 0.58278695 0 0 1 0
0.647059 0.555 0.688525 0.4 0 0.697466 0.361657 0.4 0.359117745 0.382131375 0.27541 0 1 0
0 0.595 0 0 0 0.482861 0.0269001 0.05 0 0 0 0 1 0
0.470588 0.77 0.639344 0.32 0 0.482861 0.15585 0.4 0.36235276 0.49229488 0.20459008 0 1 0
0.117647 0.42 0 0 0 0 0.0964987 0 0.04941174 0 0 0 0 1
0 0.685 0.327869 0.35 0.198582 0.642325 0.943638 0.2 0 0.224590265 0.11475415 0.0695037 1 0
0.176471 0.51 0.606557 0 0 0.439642 0.0183604 0.183333 0.09000021 0.30934407 0 0 0 1
0.176471 0.42 0.557377 0.3 0.125296 0.47541 0.219044 0.0666667 0.07411782 0.23409834 0.1672131 0.0375888 0 1
0 0.885 0.491803 0.29 0.565012 0.515648 0.424424 0 0 0.435245655 0.14262287 0.16385348 1 0
0.176471 0.5 0.557377 0.23 0.0957447 0.470939 0.371904 0.116667 0.0882355 0.2786885 0.12819671 0.022021281 0 1
0.0588235 0.69 0.672131 0 0 0.597615 0.0674637 0.116667 0.040588215 0.46377039 0 0 0 1
0.117647 0.695 0.614754 0 0 0.38152 0.0380017 0.133333 0.081764665 0.42725403 0 0 0 1
0 0.655 0.540984 0.4 0 0.511177 0.0503843 0.0166667 0 0.35434452 0.2163936 0 1 0
0.470588 0.495 0.688525 0 0 0.527571 0.132365 0.483333 0.23294106 0.340819875 0 0 0 1
0.411765 0.665 0.721311 0.15 0.183215 0.482861 0.0785653 0.266667 0.273823725 0.479671815 0.10819665 0.02748225 0 1
0.352941 0.495 0.491803 0.19 0.0638298 0.400894 0.178907 0.183333 0.174705795 0.243442485 0.09344257 0.012127662 0 1
0.235294 0.515 0.491803 0.33 0.22695 0.357675 0.379163 0.2 0.12117641 0.253278545 0.16229499 0.0748935 0 1
0.0588235 0.43 0.540984 0.52 0.0768322 0.615499 0.358241 0.133333 0.025294105 0.23262312 0.28131168 0.039952744 0 1
0.176471 0.845 0.606557 0.19 0.147754 0.445604 0.0811272 0.166667 0.149117995 0.512540665 0.11524583 0.02807326 1 0
0.470588 0.42 0.606557 0.31 0 0.57079 0.161827 0.3 0.19764696 0.25475394 0.18803267 0 0 1
0 0.43 0.557377 0.32 0 0.533532 0.0683177 0.0666667 0 0.23967211 0.17836064 0 0 1
0.176471 0.75 0.622951 0 0 0.312966 0.0550811 0.266667 0.13235325 0.46721325 0 0 0 1
0.294118 0.585 0.754098 0 0 0.508197 0.110589 0.283333 0.17205903 0.44114733 0 0 0 1
0.705882 0.44 0.606557 0.4 0.0638298 0.52608 0.128096 0.45 0.31058808 0.26688508 0.2426228 0.02553192 0 1
0.294118 0.22 0.508197 0 0 0.372578 0.217336 0.25 0.06470596 0.11180334 0 0 0 1
0.235294 0.92 0.639344 0.39 0.327423 0.551416 0.0794193 0.166667 0.21647048 0.58819648 0.24934416 0.12769497 1 0
0.352941 0.97 0.639344 0 0 0.350224 0.0217763 0.633333 0.34235277 0.62016368 0 0 1 0
0.705882 0.5 0.688525 0.33 0.124113 0.447094 0.175064 0.416667 0.352941 0.3442625 0.22721325 0.04095729 0 1
0.588235 0.505 0.704918 0.37 0 0.679583 0.451751 0.283333 0.297058675 0.35598359 0.26081966 0 1 0
0.411765 0.525 0 0 0 0 0.0969257 0.05 0.216176625 0 0 0 0 1
0.529412 0.67 0.606557 0.33 0.070922 0.385991 0.163108 1 0.35470604 0.40639319 0.20016381 0.02340426 0 1
0.294118 0.945 0.52459 0.33 0.384161 0.464978 0.215628 0.133333 0.27794151 0.49573755 0.1731147 0.12677313 1 0
0 0.52 0.52459 0.37 0.0756501 0.500745 0.184458 0.0166667 0 0.2727868 0.1940983 0.027990537 1 0
0.529412 0.615 0.57377 0.44 0.111111 0.493294 0.126388 0.316667 0.32558838 0.35286855 0.2524588 0.04888884 0 1
0.117647 0.635 0.47541 0.24 0.325059 0.412817 0.649872 0.0666667 0.074705845 0.30188535 0.1140984 0.07801416 0 1
0.117647 0.73 0 0 0 0.409836 0.0691716 0.116667 0.08588231 0 0 0 1 0
0.352941 0.555 0.52459 0.39 0 0.509687 0.0777114 0.05 0.195882255 0.29114745 0.2045901 0 0 1
0.294118 0.735 0.639344 0 0 0.502235 0.059778 0.733333 0.21617673 0.46991784 0 0 0 1
0.176471 0.965 0.57377 0.31 0 0.520119 0.0695986 0.0666667 0.170294515 0.55368805 0.1778687 0 1 0
0.411765 0.53 0.754098 0.18 0 0.338301 0.0670367 0.45 0.21823545 0.39967194 0.13573764 0 0 1
0.470588 0.475 0.590164 0 0 0.548435 0.173783 0.6 0.2235293 0.2803279 0 0 0 1
0.529412 0.85 0.606557 0.31 0 0.655738 0.13877 0.366667 0.4500002 0.51557345 0.18803267 0 1 0
0.0588235 0.625 0.409836 0.4 0.1974 0.496274 0.377455 0.116667 0.0367646875 0.2561475 0.1639344 0.07896 1 0
0.235294 0.38 0.508197 0 0 0.506706 0.133646 0.0666667 0.08941172 0.19311486 0 0 0 1
0.0588235 0.535 0.557377 0.19 0 0.394933 0.0371477 0.05 0.0314705725 0.298196695 0.10590163 0 0 1
0.0588235 0.765 0.672131 0.42 0.573286 0.605067 0.260034 0.0333333 0.0449999775 0.514180215 0.28229502 0.24078012 0 1
0.117647 0.54 0.655738 0 0 0.402385 0.0772844 0.516667 0.06352938 0.35409852 0 0 1 0
0 0.465 0.819672 0.39 0.0851064 0.646796 0.402647 0.233333 0 0.38114748 0.31967208 0.033191496 0 1
0.0588235 0.395 0.491803 0.42 0.0567376 0.648286 0.256191 0.0333333 0.0232352825 0.194262185 0.20655726 0.023829792 0 1
0.235294 0.555 0.590164 0.47 0.244681 0.552906 0.560205 0.583333 0.13058817 0.32754102 0.27737708 0.11500007 1 0
0.705882 0.53 0.655738 0 0 0.351714 0.0251921 0.383333 0.37411746 0.34754114 0 0 0 1
0.117647 0.46 0.42623 0 0 0.448584 0.0269001 0.0166667 0.05411762 0.1960658 0 0 0 1
0.294118 0.775 0.688525 0.44 0.644208 0.576751 0.230999 0.216667 0.22794145 0.533606875 0.302951 0.28345152 0 1
0.764706 0.52 0.590164 0 0 0.464978 0.165243 0.283333 0.39764712 0.30688528 0 0 1 0
0.352941 0.62 0.590164 0 0 0.411326 0.123826 0.133333 0.21882342 0.36590168 0 0 1 0
0.411765 0.515 0.540984 0.32 0 0.582712 0.113578 0.166667 0.212058975 0.27860676 0.17311488 0 1 0
0.647059 0.68 0.688525 0.35 0.153664 0.421759 0.0777114 0.35 0.44000012 0.468197 0.24098375 0.0537824 1 0
0.0588235 0.5 0.606557 0.12 0.0543735 0.290611 0.030316 0.116667 0.02941175 0.3032785 0.07278684 0.00652482 0 1
0.647059 0.715 0.770492 0.33 0.172577 0.545455 0.0751494 0.5 0.462647185 0.55090178 0.25426236 0.05695041 1 0
0.294118 0.935 0.622951 0.27 0.244681 0.649776 0.408198 0.533333 0.27500033 0.582459185 0.16819677 0.06606387 1 0
0.294118 0.68 0.672131 0 0 0 0.239966 0.8 0.20000024 0.45704908 0 0 0 1
0.0588235 0.485 0.540984 0.15 0.165485 0.345753 0.174637 0.0166667 0.0285293975 0.26237724 0.0811476 0.02482275 0 1
0.117647 0.575 0.52459 0.22 0 0.459016 0.146456 0 0.067647025 0.30163925 0.1154098 0 0 1
0.294118 0.53 0.672131 0.3 0 0.588674 0.088813 0.283333 0.15588254 0.35622943 0.2016393 0 0 1
0.117647 0.5 0.557377 0.25 0.0839243 0.57377 0.105038 0.0833333 0.0588235 0.2786885 0.13934425 0.020981075 0 1
0.294118 0.735 0.614754 0 0 0.445604 0.152007 0.116667 0.21617673 0.45184419 0 0 0 1
0.352941 0 0.557377 0.41 0 0.581222 0.277114 0.333333 0 0 0.22852457 0 1 0
0.588235 0.74 0.688525 0.48 0.280142 0.560358 0.394108 0.5 0.4352939 0.5095085 0.330492 0.13446816 1 0
0 0.585 0 0 0 0.503726 0.364646 0.383333 0 0 0 0 0 1
0.117647 0.54 0.508197 0.32 0.0661939 0.375559 0.0213493 0 0.06352938 0.27442638 0.16262304 0.021182048 0 1
0.176471 0.88 0.704918 0.27 0.184397 0.496274 0.459436 0.516667 0.15529448 0.62032784 0.19032786 0.04978719 1 0
0.117647 0.72 0.47541 0.33 0.159574 0.470939 0.146883 0.0666667 0.08470584 0.3422952 0.1568853 0.05265942 1 0
0.235294 0.755 0.737705 0.38 0 0.442623 0.0922289 0.25 0.17764697 0.556967275 0.2803279 0 0 1
0 0.73 0.672131 0 0 0.603577 0.727156 0.383333 0 0.49065563 0 0 0 1
0.235294 0.57 0.52459 0 0 0.4307 0.0204953 0.05 0.13411758 0.2990163 0 0 0 1
0.176471 0.64 0.639344 0 0 0.314456 0.0811272 0.566667 0.11294144 0.40918016 0 0 0 1
0.117647 0.28 0.459016 0.28 0.0531915 0.360656 0.108454 0.0166667 0.03294116 0.12852448 0.12852448 0.01489362 0 1
0.235294 0.645 0.491803 0.12 0.27305 0.409836 0.191716 0.166667 0.15176463 0.317212935 0.05901636 0.032766 0 1
0.0588235 0.515 0.245902 0.38 0.0981087 0.645306 0.0448335 0.2 0.0302941025 0.12663953 0.09344276 0.037281306 0 1
0.352941 0.77 0.639344 0.41 0.165485 0.687034 0.210504 0.1 0.27176457 0.49229488 0.26213104 0.06784885 0 1
0.235294 0.645 0.704918 0.2 0.319149 0.5231 0.0653288 0.0333333 0.15176463 0.45467211 0.1409836 0.0638298 0 1
0.0588235 0.475 0.540984 0.13 0.0449173 0.292101 0.109308 0.0666667 0.0279411625 0.2569674 0.07032792 0.005839249 0 1
0.0588235 0.905 0.52459 0.3 0.212766 0.508197 0.106746 0.283333 0.0532352675 0.47475395 0.157377 0.0638298 1 0
0.352941 0.585 0.786885 0 0 0.42772 0.0337319 0.15 0.206470485 0.460327725 0 0 0 1
0.0588235 0.815 0.590164 0 0 0.581222 0.488471 0.2 0.0479411525 0.48098366 0 0 1 0
0.705882 0.46 0.508197 0.07 0.304965 0.411326 0.362084 0.383333 0.32470572 0.23377062 0.03557379 0.02134755 1 0
0.0588235 0.405 0.590164 0.18 0.0472813 0.396423 0.087532 0.05 0.0238235175 0.23901642 0.10622952 0.008510634 0 1
0.176471 0.575 0.540984 0.39 0.165485 0.567809 0.030743 0.116667 0.101470825 0.3110658 0.21098376 0.06453915 0 1
0.470588 0.455 0.672131 0 0 0.530551 0.217336 0.783333 0.21411754 0.305819605 0 0 0 1
0.352941 0.46 0.754098 0 0 0.296572 0.0469684 0.116667 0.16235286 0.34688508 0 0 0 1
0.0588235 0.485 0.57377 0.15 0 0.271237 0.029462 0 0.0285293975 0.27827845 0.0860655 0 0 1
0.0588235 0.665 0.836066 0.28 0.165485 0.488823 0.0666097 0.4 0.0391176275 0.55598389 0.23409848 0.0463358 1 0
0.176471 0.9 0.52459 0.25 0.0827423 0.506706 0.0824082 0.0833333 0.1588239 0.472131 0.1311475 0.020685575 0 1
0.176471 0.955 0.557377 0.15 0.153664 0.460507 0.0943638 0.216667 0.168529805 0.532295035 0.08360655 0.0230496 0 1
0.0588235 0.6 0.655738 0.48 0.236407 0.579732 0.462852 0.333333 0.0352941 0.3934428 0.31475424 0.11347536 0 1
0.0588235 0.59 0.47541 0.36 0.111111 0.496274 0.0781383 0.0333333 0.034705865 0.2804919 0.1711476 0.03999996 0 1
0.647059 0.69 0.622951 0 0 0.494784 0.146029 0.233333 0.44647071 0.42983619 0 0 0 1
0.0588235 0.475 0.672131 0.25 0.212766 0.52161 0.0661827 0.366667 0.0279411625 0.319262225 0.16803275 0.0531915 1 0
0.529412 0.92 0.696721 0.15 0 0.447094 0.484629 0.466667 0.48705904 0.64098332 0.10450815 0 1 0
0 0.605 0.540984 0.3 0.195035 0.511177 0.0533732 0.2 0 0.32729532 0.1622952 0.0585105 1 0
0.0588235 0.44 0.639344 0.29 0.0898345 0.4769 0.122545 0.133333 0.02588234 0.28131136 0.18540976 0.026052005 0 1
0.235294 0.655 0.557377 0.21 0.196217 0.493294 0.0350128 0.116667 0.15411757 0.365081935 0.11704917 0.04120557 0 1
0.0588235 0.605 0.639344 0.39 0.0874704 0.581222 0.0781383 0.116667 0.0355882175 0.38680312 0.24934416 0.034113456 0 1
0.294118 0.56 0.540984 0 0 0.563338 0.0781383 0.333333 0.16470608 0.30295104 0 0 1 0
0.117647 0.495 0.491803 0.17 0.189125 0.545455 0.16012 0 0.058235265 0.243442485 0.08360651 0.03215125 0 1
0.764706 0.53 0.57377 0 0 0.509687 0.0738685 0.516667 0.40529418 0.3040981 0 0 0 1
0 0.685 0.57377 0.38 0 0.494784 0.0392827 0.0166667 0 0.39303245 0.2180326 0 0 1
0.352941 0.465 0.409836 0.3 0.0756501 0.42772 0.118702 0.0333333 0.164117565 0.19057374 0.1229508 0.02269503 0 1
0 0.53 0.57377 0.37 0.174941 0.587183 0.225021 0.0166667 0 0.3040981 0.2122949 0.06472817 0 1
0.117647 0.505 0.47541 0.35 0.106383 0.324888 0.0328779 0.0166667 0.059411735 0.24008205 0.1663935 0.03723405 0 1
0.705882 0.7 0.672131 0.43 0.384161 0.584203 0.192143 0.616667 0.4941174 0.4704917 0.28901633 0.16518923 1 0
0.0588235 0.585 0.721311 0.24 0.171395 0.514158 0.13877 0.316667 0.0344117475 0.421966935 0.17311464 0.0411348 1 0
0.529412 0.455 0.557377 0 0 0.360656 0.0520922 0.616667 0.24088246 0.253606535 0 0 0 1
0.0588235 0.62 0.606557 0.36 0 0.414307 0.00939368 0.15 0.03647057 0.37606534 0.21836052 0 0 1
0.176471 0.515 0.590164 0.3 0.179669 0.411326 0.278395 0.1 0.090882565 0.30393446 0.1770492 0.0539007 0 1
0.764706 0.645 0 0.3 0 0.594635 0.20965 0.383333 0.49323537 0 0 0 1 0
0.176471 0.855 0.590164 0.33 0.159574 0.496274 0.0516652 0.05 0.150882705 0.50459022 0.19475412 0.05265942 1 0
0 0.615 0.590164 0 0 0.540984 0.0768574 0.516667 0 0.36295086 0 0 1 0
0.235294 0.475 0.52459 0 0 0.4769 0.0354398 0.166667 0.11176465 0.24918025 0 0 1 0
0.294118 0.515 0.885246 0.37 0 0.584203 0.0969257 0.733333 0.15147077 0.45590169 0.32754102 0 0 1
0.176471 0.91 0.606557 0 0 0.454545 0.114005 0.133333 0.16058861 0.55196687 0 0 1 0
0.588235 0.34 0.868852 0.23 0.0579196 0.529061 0.088386 0.433333 0.1999999 0.29540968 0.19983596 0.013321508 0 1
0.235294 0.495 0.590164 0.17 0 0.38152 0.0922289 0.116667 0.11647053 0.29213118 0.10032788 0 0 1
0.352941 0.735 0.655738 0 0 0.439642 0.0426985 0.483333 0.259411635 0.48196743 0 0 1 0
0.0588235 0.545 0.311475 0.18 0.141844 0.344262 0.140478 0.0833333 0.0320588075 0.169753875 0.0560655 0.02553192 0 1
0.0588235 0.82 0.672131 0.43 0.0791962 0.488823 0.112297 0.483333 0.04823527 0.55114742 0.28901633 0.034054366 0 1
0.470588 0.6 0.704918 0 0 0.423249 0.0772844 0.0166667 0.2823528 0.4229508 0 0 1 0
0.529412 0.7 0.770492 0 0 0.487332 0.280102 0.4 0.3705884 0.5393444 0 0 1 0
0.176471 0.56 0.606557 0.3 0 0.470939 0.0508113 0.0666667 0.09882376 0.33967192 0.1819671 0 1 0
0.0588235 0.4 0.606557 0.11 0.070922 0.447094 0.191716 0.0166667 0.0235294 0.2426228 0.06672127 0.00780142 0 1
0 0.545 0.721311 0.3 0 0.484352 0.331768 0.283333 0 0.393114495 0.2163933 0 1 0
0.411765 0.98 0.737705 0 0 0.593145 0.159266 0.333333 0.4035297 0.7229509 0 0 1 0
0.117647 0.625 0.491803 0.2 0.165485 0.503726 0.00426985 0.166667 0.073529375 0.307376875 0.0983606 0.033097 0 1
0.0588235 0.945 0.491803 0.23 1 0.448584 0.136635 0.633333 0.0555882075 0.464753835 0.11311469 0.23 1 0
0.470588 0.97 0.655738 0 0 0.388972 0.201964 0.766667 0.45647036 0.63606586 0 0 0 1
0.411765 0.75 0.540984 0.42 0.404255 0.517139 0.273271 0.35 0.30882375 0.405738 0.22721328 0.1697871 0 1
0.294118 0.425 0.606557 0.22 0 0.432191 0.489325 0.183333 0.12500015 0.257786725 0.13344254 0 1 0
0.235294 0.575 0.590164 0 0 0.4307 0.127242 0.416667 0.13529405 0.3393443 0 0 1 0
0.411765 0.76 0.721311 0.44 0 0.745156 0.110589 0.25 0.3129414 0.54819636 0.31737684 0 1 0
0 0.655 0 0 0 0.643815 0.0819812 0.0833333 0 0 0 0 1 0
0.352941 0.525 0.57377 0.32 0.0803783 0.459016 0.0187874 0.266667 0.185294025 0.30122925 0.1836064 0.025721056 0 1
0.0588235 0.355 0.508197 0 0 0.324888 0.144321 0.0833333 0.0208823425 0.180409935 0 0 0 1
0 0.94 0.672131 0.14 0.218676 0.4769 0.257899 0.0166667 0 0.63180314 0.09409834 0.03061464 1 0
0.352941 0.535 0.721311 0 0 0.548435 0.277114 0.166667 0.188823435 0.385901385 0 0 0 1
0.470588 0.5 0.622951 0 0 0.576751 0.0478224 0.35 0.235294 0.3114755 0 0 0 1
0.117647 0.415 0.532787 0.28 0.0780142 0.548435 0.235269 0.05 0.048823505 0.221106605 0.14918036 0.021843976 0 1
0.176471 0.61 0.639344 0 0 0.342772 0.0751494 0.316667 0.10764731 0.38999984 0 0 0 1
0.176471 0.63 0.721311 0.41 0.277778 0.585693 0.267293 0.1 0.11117673 0.45442593 0.29573751 0.11388898 0 1
0.0588235 0.395 0.614754 0.3 0 0.4769 0.135781 0.0166667 0.0232352825 0.24282783 0.1844262 0 0 1
0.176471 0.305 0.672131 0.28 0 0.512668 0.0704526 0.416667 0.053823655 0.204999955 0.18819668 0 0 1
0 0.595 0.540984 0.27 0 0.578241 0.0772844 0.0166667 0 0.32188548 0.14606568 0 0 1
0.235294 0.73 0.696721 0.27 0.118203 0.4307 0.0473954 0.1 0.17176462 0.50860633 0.18811467 0.03191481 0 1
0.117647 0.5 0.540984 0.2 0.106383 0.490313 0.336892 0.116667 0.0588235 0.270492 0.1081968 0.0212766 1 0
0.117647 0.53 0.52459 0.35 0.140662 0.454545 0.564475 0.216667 0.06235291 0.2780327 0.1836065 0.0492317 0 1
0.529412 0.77 0.639344 0.3 0.118203 0.460507 0.0367208 0.4 0.40764724 0.49229488 0.1918032 0.0354609 0 1
0.117647 0.47 0.557377 0.18 0.0898345 0.387481 0.206234 0 0.05529409 0.26196719 0.10032786 0.01617021 0 1
0.0588235 0.675 0.442623 0 0 0.397914 0.260034 0.683333 0.0397058625 0.298770525 0 0 0 1
0 0.675 0.770492 0.46 0.171395 0.605067 0.087959 0.0833333 0 0.5200821 0.35442632 0.0788417 0 1
0.176471 0.555 0.459016 0.39 0 0.448584 0.204526 0.15 0.097941405 0.25475388 0.17901624 0 0 1
0.294118 0.43 0.557377 0.28 0.0839243 0.450075 0.122118 0.05 0.12647074 0.23967211 0.15606556 0.023498804 0 1
0.823529 0.875 0.508197 0.3 0 0.500745 0.0572161 0.283333 0.720587875 0.444672375 0.1524591 0 1 0
0.176471 0.815 0.57377 0.18 0.124113 0.470939 0.0811272 0.116667 0.143823865 0.46762255 0.1032786 0.02234034 1 0
0.588235 0.555 0.57377 0.27 0 0.409836 0.0269001 0.316667 0.326470425 0.31844235 0.1549179 0 1 0
0.176471 0.45 0.639344 0 0 0.636364 0.20538 0 0.07941195 0.2877048 0 0 0 1
0.352941 0.915 0.770492 0 0 0.608048 0.590521 0.4 0.322941015 0.70500018 0 0 0 1
0.176471 0.935 0.57377 0.22 0.236407 0.542474 0.140905 0.25 0.165000385 0.53647495 0.1262294 0.05200954 1 0
0.117647 0.435 0.47541 0.16 0.0614657 0.487332 0.0375747 0.0666667 0.051176445 0.20680335 0.0760656 0.009834512 0 1
0.0588235 0.435 0.557377 0.34 0.0910165 0.560358 0.137916 0.05 0.0255882225 0.242458995 0.18950818 0.03094561 0 1
0 0.475 0.655738 0.45 0.108747 0.543964 0.1076 0.0833333 0 0.31147555 0.2950821 0.04893615 0 1
0.0588235 0.455 0.442623 0.25 0.118203 0.375559 0.0666097 0.0333333 0.0267646925 0.201393465 0.11065575 0.02955075 0 1
0.117647 0.34 0.508197 0.13 0.0177305 0.299553 0.0764304 0.0333333 0.03999998 0.17278698 0.06606561 0.002304965 0 1
0.176471 0.555 0.47541 0.31 0.0520095 0.439642 0.150299 0.0166667 0.097941405 0.26385255 0.1473771 0.016122945 0 1
0 0.695 0.508197 0.17 0.248227 0.329359 0.0550811 0 0 0.353196915 0.08639349 0.04219859 0 1
0.529412 0.285 0.655738 0.37 0 0.488823 0.00768574 0.333333 0.15088242 0.18688533 0.24262306 0 0 1
0.176471 0.495 0.655738 0.11 0.0756501 0.28763 0.087959 0.15 0.087353145 0.32459031 0.07213118 0.008321511 0 1
0.176471 0.71 0.655738 0.15 0 0.482861 0.0520922 0.7 0.12529441 0.46557398 0.0983607 0 0 1
0.176471 0.85 0.52459 0.37 0.265957 0.514158 0.118702 0.15 0.15000035 0.4459015 0.1940983 0.09840409 1 0
0 0.52 0.622951 0 0 0.274218 0.215201 0.1 0 0.32393452 0 0 0 1
0.117647 0.44 0.606557 0.19 0.0626478 0.432191 0.0644748 0.0166667 0.05176468 0.26688508 0.11524583 0.011903082 0 1
0.294118 0.44 0.639344 0.3 0 0.411326 0.0768574 0.266667 0.12941192 0.28131136 0.1918032 0 0 1
0.235294 0.72 0.672131 0.32 0 0.57377 0.203245 0.266667 0.16941168 0.48393432 0.21508192 0 1 0
0.294118 0.365 0.491803 0 0 0.399404 0.0811272 0.1 0.10735307 0.179508095 0 0 0 1
0.0588235 0.865 0.606557 0 0 0.548435 0.00426985 0.283333 0.0508823275 0.524671805 0 0 1 0
0.411765 0.5 0 0 0 0.447094 0.173356 0.183333 0.2058825 0 0 0 1 0
0.529412 0.56 0.672131 0.24 0 0.420268 0.514091 0.483333 0.29647072 0.37639336 0.16131144 0 1 0
0.117647 0.495 0.42623 0.15 0.111111 0.366617 0.238685 0 0.058235265 0.21098385 0.0639345 0.01666665 0 1
0.588235 0.46 0.508197 0 0 0.385991 0.0380017 0.166667 0.2705881 0.23377062 0 0 0 1
0.117647 0.775 0.606557 0.17 0.113475 0.396423 0.15158 0.1 0.091176425 0.470081675 0.10311469 0.01929075 1 0
0.176471 0.4 0.672131 0.31 0.0827423 0.509687 0.51836 0.1 0.0705884 0.2688524 0.20836061 0.025650113 1 0
0.0588235 0.65 0.491803 0.23 0.200946 0.42623 0.262169 0 0.038235275 0.31967195 0.11311469 0.04621758 0 1
0.411765 0.935 0.409836 0.33 0.463357 0.505216 0.319385 0.216667 0.385000275 0.38319666 0.13524588 0.15290781 1 0
0.764706 0.53 0.590164 0.54 0 0.545455 0.0426985 0.4 0.40529418 0.31278692 0.31868856 0 0 1
0.529412 0.51 0.622951 0.37 0 0.490313 0.25064 0.416667 0.27000012 0.31770501 0.23049187 0 1 0
0.529412 0.61 0.459016 0 0 0.496274 0.442357 0.2 0.32294132 0.27999976 0 0 1 0
0.176471 0.625 0.47541 0 0 0.470939 0.0311699 0.05 0.110294375 0.29713125 0 0 0 1
0.411765 0.71 0.491803 0.33 0.224586 0.42921 0.260034 0.666667 0.29235315 0.34918013 0.16229499 0.07411338 0 1
0 0.64 0.557377 0.19 0.212766 0.454545 0.560632 0.0666667 0 0.35672128 0.10590163 0.04042554 1 0
0.117647 0.645 0 0 0 0.57377 0.0964987 0.333333 0.075882315 0 0 0 0 1
0.411765 0.62 0.57377 0.33 0.254137 0.38003 0.0354398 0.266667 0.2552943 0.3557374 0.1893441 0.08386521 0 1
0.0588235 0.715 0.606557 0.22 0.072104 0.390462 0.0760034 0 0.0420588025 0.433688255 0.13344254 0.01586288 0 1
0.117647 0.87 0.721311 0.37 0.141844 0.663189 0.242528 0.05 0.10235289 0.62754057 0.26688507 0.05248228 1 0
0 0.645 0.901639 0.46 0.153664 1 0.102904 0.0833333 0 0.581557155 0.41475394 0.07068544 1 0
0 0.39 0.721311 0.29 0.0472813 0.549925 0.152007 0 0 0.28131129 0.20918019 0.013711577 0 1
0 0.535 0.622951 0 0 0.675112 0.259607 0.05 0 0.333278785 0 0 0 1
0.647059 0.675 0 0 0 0.779434 0.213493 0.316667 0.436764825 0 0 0 1 0
0 0.705 0 0 0 0.631893 0.0542272 0.133333 0 0 0 0 1 0
0 0.945 0.852459 0.25 0 0.511177 0.152434 0.333333 0 0.805573755 0.21311475 0 1 0
0.117647 0.445 0.737705 0.3 0 0.499255 0.0913749 0.35 0.052352915 0.328278725 0.2213115 0 0 1
0 0.5 0.57377 0.26 0.0591017 0.459016 0.221605 0 0 0.286885 0.1491802 0.015366442 0 1
0.294118 0.715 0.639344 0 0 0.670641 0.0478224 0.433333 0.21029437 0.45713096 0 0 0 1
0.294118 0.575 0.803279 0 0 0.788376 0.0559351 0.116667 0.16911785 0.461885425 0 0 1 0
0.235294 0.485 0.491803 0.23 0 0.420268 0.15585 0.0166667 0.11411759 0.238524455 0.11311469 0 0 1
0.0588235 0.485 0.557377 0.21 0 0.405365 0.434244 0.0166667 0.0285293975 0.270327845 0.11704917 0 0 1
0.117647 0.495 0 0 0 0.330849 0.0128096 0.0333333 0.058235265 0 0 0 0 1
0.411765 0.935 0.557377 0.39 0.359338 0.561848 0.0751494 0.333333 0.385000275 0.521147495 0.21737703 0.14014182 1 0
0.117647 0.56 0.540984 0.22 0 0.372578 0.0977797 0.05 0.06588232 0.30295104 0.11901648 0 0 1
0.0588235 0.57 0.540984 0.36 0.236407 0.567809 0.0900939 0 0.033529395 0.30836088 0.19475424 0.08510652 0 1
0.0588235 0.715 0.688525 0.23 0.36643 0.631893 0.426132 0.0166667 0.0420588025 0.492295375 0.15836075 0.0842789 0 1
0.117647 0.57 0.557377 0.22 0 0.42772 0.0059778 0.0666667 0.06705879 0.31770489 0.12262294 0 0 1
0.0588235 0.53 0.57377 0.28 0.159574 0.509687 0.0273271 0.0166667 0.031176455 0.3040981 0.1606556 0.04468072 0 1
0.117647 0.415 0.540984 0.23 0.0591017 0.479881 0.178907 0.0166667 0.048823505 0.22450836 0.12442632 0.013593391 0 1
0 0.725 0 0 0 0.658718 0.235696 0.166667 0 0 0 0 1 0
