>> principal_components('prblema2.txt')

scores =

   -0.8271    0.3436   -0.5601   -0.7982    1.5691    1.7310   -0.7999    0.8826
    0.3088   -1.6088   -1.0180   -1.8358   -0.8247   -0.3799   -0.4233   -1.0819
    1.0213   -0.1939   -0.7431    0.0714   -0.1584   -0.5547   -0.6872    0.6379
   -1.3552    1.3591    0.6017   -0.2604   -1.3549   -0.6637    0.2709    0.2761
    0.9120   -0.4897    0.2421   -0.7259   -0.4362    0.3481   -0.6646    0.5956
   -1.1209   -0.8670    0.9803   -0.4103   -0.0317   -0.4866    0.2395    0.3720
   -1.1124   -0.0922   -0.5182    0.1514    1.1495    0.5590   -0.6175    0.0459
   -0.2666    3.0447    0.5655   -0.0399    0.0872    0.7285    1.3069   -0.7611
    1.2953   -0.2730   -0.0911   -0.9871    1.5277    0.8633    0.5699    0.5336
   -1.6412   -0.2036   -0.0992   -0.1398   -0.8899    0.2490   -0.2081    0.3174
    0.3421   -1.2341   -1.0334    0.2992   -0.3054    1.3720   -0.3423    0.3325
   -0.2520   -1.1849    0.4854    0.2223   -0.1023   -0.3883    0.2446   -0.8458
   -1.0725   -0.9958   -0.2984   -1.2509   -0.4962    0.7759   -0.1473   -0.4863
   -0.0585   -1.3445    0.5795   -0.5819   -0.4259   -0.7347    0.3392    0.3684
   -1.0146   -0.5140   -0.0045   -0.1828    1.6923    0.6907   -0.4262   -0.1948
   -0.5152   -0.1521    0.6726   -0.8984   -0.3180    0.3966   -0.3439    0.0172
   -2.1899    0.0012   -0.0345   -0.6943    0.2977    0.4718   -0.5992    0.1178
   -0.3838    3.2461   -0.0498    0.2538   -0.3420    0.4926    0.8710   -0.4222
   -1.5571   -0.6103   -3.5183    0.2920    1.1121   -1.6990    0.6011    0.1951
    0.7800   -0.7437    1.8925    0.2535   -0.4001   -0.2715    0.0948    0.4680
   -0.4208   -1.3141   -0.9464   -0.1869   -1.2536    0.7645   -0.4898   -0.8653
    0.1689    1.9184    0.1219   -0.5186    1.1921   -0.5520   -0.3206   -0.3319
   -1.7463   -0.9584    0.3419   -0.3274   -0.0603    0.9477    0.3239    0.7620
   -4.9894   -0.2957   -2.0740   -0.6254   -2.1801    0.0023    0.2429    0.7165
   -1.6169   -0.5995    1.0113   -0.5207    0.0810    0.2081   -0.1012    0.1636
    2.1131   -1.5810   -2.0799    3.2490    1.6803   -0.2012   -0.1074    1.3093
    2.1978   -1.2811   -0.4832    1.6061    0.2048   -0.1044   -0.1358   -0.3997
    1.0793   -0.1430   -1.6558   -0.6826    0.1328    0.0785    0.1159    0.1085
   -0.6607   -0.2259    3.1282    1.3594   -1.0936   -1.1997    0.4479   -1.2831
    1.1880    2.0454    1.1586   -0.3610   -0.3137   -0.9036   -0.7802    1.1151
    3.1615   -1.6122    0.9703    0.6824    1.0128   -0.5275   -1.1393   -1.2200
    1.7128    0.3293    0.4336   -0.1852   -0.9468   -1.0022    0.4345    0.6161
    0.4835   -2.1353    0.7524    0.2278    0.1352   -0.8065    0.3821    0.3246
   -0.0136    0.7503   -0.8680    0.6686    1.4553    0.5096   -0.7286    0.1344
    0.4472    2.0188   -0.5438   -0.0815    1.0888   -0.6226   -1.5192    0.3119
   -1.0472   -1.1913    0.4419    0.2187   -0.1500   -0.0611    0.1321   -0.0147
   -2.6895   -0.0916   -1.9892    0.5470   -0.6420   -2.0967    0.2302   -0.4934
   -0.9375   -0.5801   -0.1687    0.6437   -0.0195    0.9273    0.0160   -0.3225
   -2.2864   -0.4593   -0.1130   -0.5333    0.5117    0.3783   -0.2282   -0.1342
    0.2711    1.1928    1.0481    0.4287   -0.2212   -0.4871    1.1471   -0.1539
    0.4324   -1.6018    0.2076    0.5009   -0.4073   -0.4695   -0.2402   -0.5361
    0.5531   -0.3851    0.7909   -0.5111   -0.3724   -0.3527   -0.1751    0.8054
   -0.1211   -1.3239    0.0686    0.1000   -0.1165   -0.8928   -0.0301   -0.3049
    2.3909    1.9066   -1.3724    1.8401   -1.0044   -0.0546   -0.6243    0.3113
   -0.1944    2.0070    0.0625    1.8001   -0.1646    1.2386   -1.7167    0.1265
   -0.0139   -0.4017    1.9642   -0.2723    0.2886   -0.1906   -0.5252   -0.4844
   -0.0454   -0.3306    1.2590    0.2829   -0.0454   -0.8591   -0.2477    0.3964
   -0.2218   -0.4299    0.2741    0.7968    1.8943   -0.2033   -0.9582   -0.7649
    1.4178   -1.3512   -0.8063   -1.5446   -1.2774    0.9455    0.0034   -0.2143
   -1.0921   -0.0266   -1.1975    0.0500    1.2436    0.1628    0.0160    0.0359
    0.4704    0.1096   -0.0290   -0.3853   -0.1757    0.6021   -0.3199   -0.6548
   -0.6351   -1.2549   -1.3446    0.8267   -0.3467    0.8907   -0.6547   -0.7651
    0.7181   -1.3565    0.2723   -0.2151    0.0446    0.3509   -0.1154   -0.4302
   -0.3562    0.1065    0.3793    0.5441   -0.3532    0.3302    0.3353   -0.7009
   -0.7034    0.3453    1.4962    0.1991    1.3008   -0.6885    1.2349   -2.0845
    1.0578   -1.5840    1.3090   -0.8131   -0.2648   -0.3974    0.1842    0.4066
   -1.0771    1.4594   -0.2231    0.6952    0.1675    1.0649    1.2650   -0.6574
   -0.8363    0.4692   -0.0034   -0.0419    1.0226   -0.2601   -0.5475   -0.3823
   -1.7371   -0.2958    0.2647   -0.5864    0.8832   -0.0126   -0.5010   -0.3299
   -1.7674   -1.7965    2.4812    1.2845   -1.1897   -0.5578    0.4453   -0.7016
    1.3749   -1.9109   -0.1776    0.3732    0.0309    0.6138   -0.1180   -0.1775
   -0.1817   -1.0410   -0.2357   -0.1554    0.1530   -0.1777    0.1908   -0.1892
    2.7784   -2.0519    0.2504    0.3266    1.4112   -1.1220    0.3560    0.7627
   -0.1088    1.3902   -1.1476   -0.9911    1.5059    0.2001   -0.8857    0.8680
   -2.1443   -0.3698   -0.3987   -0.7671   -0.2339   -0.2489   -0.1419    0.6247
   -0.2531   -1.6776   -0.4042    2.4391   -0.4069   -0.3508    0.0219   -0.2169
    0.7257    3.3367   -0.0219   -0.7644   -1.5915    0.4591   -0.2495    0.5718
   -0.7697   -1.1402    0.0276   -0.3600   -0.0889   -0.6369   -0.0224    0.2144
    0.8227   -1.1471   -0.0373    1.1588   -0.7062   -0.5091   -0.2071    0.5794
   -2.2534   -0.4255   -0.2232   -0.0771    0.4373    0.8259    0.1246   -0.2199
   -2.3054   -1.4339    2.3431    0.9509   -1.0821    0.1464    0.0944   -1.1501
    0.6416    0.1835    0.4041    0.4926   -1.4388    0.0665   -0.6738    0.7328
    3.1144    1.7004   -1.4428   -0.9079   -0.4712    0.0644    0.2848   -0.1027
    0.9730    1.3247    1.5329   -0.3555    2.2985   -0.0522   -0.6660   -0.9012
   -1.0847    1.9118   -0.2478    0.1103   -0.3480   -1.0370   -0.4196   -0.4093
    0.9169   -1.3683   -0.2640    1.7683    0.5767   -0.7713   -0.0293    0.9499
   -0.7354   -0.6210   -0.2547    1.1404    0.3274    0.5822    0.6323    0.2038
   -0.5559    2.1798   -0.5235    1.1089   -0.0458    0.7209    0.8921   -0.5374
   -0.6034   -1.3298   -1.0040    0.7064   -0.5466    0.5148   -0.1541   -0.0862
    3.3183    0.1298   -0.6468   -0.2878   -0.8530    0.4144   -0.5313   -0.0195
    1.2381   -1.4770    0.7720    2.1923    0.2607   -0.8851    0.4996   -0.4866
   -1.8910   -0.3958   -0.0664    0.5279    0.4062    0.2411   -0.5018   -0.4517
   -0.1519    2.4882    0.4739   -0.4498    0.5800    0.6115    0.0881   -0.2123
    1.0010    0.9104    1.0397    0.0379   -0.1873    0.1054    0.0633    1.3721
    2.3268    0.4935   -0.2993   -2.2529   -1.8677    1.2754   -0.5454   -1.4734
   -3.1539   -1.4507    1.7239    0.4950   -1.4725   -0.6042    0.5071   -0.8880
    1.1672    0.0636    0.8339   -0.5521   -0.1794   -0.0133    0.1261    0.7914
    0.4184    0.7130    0.1994   -0.7165    2.3057   -0.9754   -0.5324   -0.5387
    3.4765    1.1550   -2.1059   -1.4373   -2.3182    0.6665    0.4553   -0.8214
   -1.7975    1.1594    1.0127   -0.4220   -0.2531    0.6563   -0.5527   -0.3080
    1.0069   -1.7285   -1.3526   -1.0634    0.7149   -0.5311    0.1651    0.7607
    2.4659   -0.5529    0.5890   -0.7168    0.3999   -0.3989    1.3717   -0.2340
    0.1899    0.7328    0.3869    0.1152   -0.1310    0.2196    0.3266    0.6092
   -0.3655    2.5795    0.3134    0.9823   -1.4747    0.0326    0.4018    0.1843
   -1.4706   -1.0867    0.4225   -0.6143    0.1651    0.1218    0.5012    0.6187
   -1.5661   -0.1606   -0.6468    0.7073    0.6853    0.8575    0.3019   -0.3286
   -0.0478   -0.9653    0.4082   -0.0872    1.2237    0.6883    0.0129    0.8380
    0.8186   -1.1041    0.0592   -0.3819   -0.0787    0.2834   -0.2803   -0.4731
   -1.8710   -0.4723   -0.1815   -0.6601    1.0372    0.8635   -0.1939    0.0638
    1.8615    0.3330    0.4944    0.4271   -1.4934   -0.7359   -0.1127   -0.5537
   -1.4038    0.0027   -0.1187   -0.8141    1.0538   -0.8804   -0.3737   -0.3819
   -1.5173    0.7951    0.0826   -0.1961    0.2082    0.2715   -0.5344   -0.1225
    0.9392   -1.6567    0.9276    0.8549   -0.1786   -0.8289    0.2922    0.6265
    2.0152    1.1714   -0.5183   -0.7586   -0.9971    0.7694    0.9596   -0.8783
    1.0351    1.3512    1.7429   -0.2890   -0.5454   -2.3241   -0.2070    0.4350
   -0.0311   -0.4558   -0.6995    1.3292   -1.4072    0.1894    0.7212    0.1241
   -0.9438   -0.7782   -0.4361   -0.2099   -0.5128   -0.7480   -0.0365   -0.1794
    0.2060   -0.1122    2.0496   -0.1037   -0.7335   -0.4987    0.3679    0.1729
    0.3021    1.5441   -1.1415    2.9235   -0.8624    0.5710   -0.2235    0.5806
   -1.3744   -0.8620   -0.0646    0.5766    0.0036    0.3215   -0.0649   -0.3248
   -0.9047    0.2182   -2.7701   -1.1739    1.7062   -2.7704    1.2051   -0.2147
    1.1443   -1.1813    1.2286   -0.6563   -0.1618    0.0943    0.1656   -0.0197
   -1.3198   -0.6973    0.0396    0.1188   -0.1858    1.6529   -0.3588   -0.0117
   -2.2243    1.2424   -1.8407   -0.8127   -0.6756   -2.6395    0.0434   -0.0694
    0.8624    1.3368   -0.4057    0.7681    0.3431    0.2431   -1.2328    1.2809
    0.3219   -0.8693    0.1611    0.1535    0.1030    0.0266    0.5186   -0.0561
    0.7003    0.0378   -0.2061   -0.1386   -0.1434   -0.2861   -0.7646    0.0529
   -2.0168   -1.4474   -0.9677    0.4220   -0.4865   -1.1404    0.2551    0.0728
   -0.2861   -0.6909   -0.8764    3.6687   -0.2015    1.1345   -0.3297    0.2212
   -0.7626    2.2968   -0.9445   -0.9636    0.3860    0.2704    0.5214    0.3746
    0.7695   -0.9361    0.9225   -0.6916    0.2498   -0.3873    0.2898    0.1158
    1.7621   -0.9889   -1.0570    0.0505   -0.4274    0.7773   -0.4139    0.3079
    0.7261   -1.5083   -0.0071   -0.3773   -0.0870    1.1831   -0.0932   -0.2667
   -0.4191    1.9910   -0.0490   -0.8731    0.6629   -0.6912   -0.4382   -0.0890
    1.2783    0.4622   -0.2442   -1.2222   -0.7025    0.0022   -0.0705   -0.2549
   -0.0353   -1.7065   -1.1681   -1.3096   -0.6012    0.8432   -0.2240   -0.5672
    2.2576    0.4323   -0.0385   -0.5142   -0.2669   -0.6551   -0.7863   -0.1336
    0.7486    3.2319    1.4865   -0.2770    0.6892    0.0409   -0.7410   -0.5699
   -0.2208   -0.9382    0.2184   -1.3939    0.0774    1.2080   -0.3718   -0.2668
    0.6252   -0.7735   -0.3281   -0.2697   -0.2943    0.3701   -0.3923   -0.2312
   -0.3667   -0.9998   -0.7713    0.3852    0.0334    0.1869   -0.4573   -0.0040
    0.1452    2.3315   -0.5337   -1.0789    0.9955   -0.5961   -1.1717    0.5605
    0.0530    3.1914   -0.8197   -0.5252    0.5348    0.5580    1.3187    0.0227
    0.4940   -1.4230    0.0977   -0.1070   -0.1876    0.2551   -0.0290   -0.3519
    1.4269   -0.9278   -0.0025    0.2277    2.4366    0.1955   -0.2193    0.8542
    0.3935    1.3391    0.2957    0.5809   -0.4918    0.2371    0.7718    0.8118
   -1.3766   -0.6389    0.0786   -0.7734   -0.6497   -0.0946   -0.1206    0.0456
    0.0977    3.3629   -0.1085   -0.8027    0.3165    0.3911   -0.1649    0.3256
    0.7470   -1.4618   -0.1934   -0.5344    1.0100   -0.5058    0.0623   -0.2576
    0.6974    3.0392   -1.4145    2.6870   -0.1468    0.6047   -0.3729   -0.0919
    1.1083    0.5163    1.1053   -0.4490   -0.0406   -0.2055    0.3378   -0.2519
    1.4359    1.2654   -1.1123    0.2288    0.8211   -0.4975   -0.1218    1.4925
    1.0128   -0.7712    0.3720   -0.1982    0.2724   -0.7331   -0.0492   -0.3957
   -1.7026   -1.0193   -0.0028   -0.3740   -0.7049    1.0379   -0.0364    0.2928
    1.4034   -1.5793    1.1661   -0.1859    1.2093   -0.3567    0.5630    1.4459
   -0.3702   -0.6381    1.4788    0.1310    0.0401   -0.6994    0.2121    0.1207
    0.0241    0.0377   -0.2113    1.3397    1.5654   -0.7888   -1.0040   -0.8273
    0.9815   -0.9546   -1.4786   -1.9664   -0.5611    0.7283   -0.9393   -1.0686
   -0.0580   -1.6768    0.0480   -0.5418   -0.2944   -1.2274    0.7577    0.9016
   -0.7019   -1.4044   -0.0885   -0.1089   -0.1999    0.4849    0.1453   -0.1391
    0.4017    1.4653    0.1124    0.7663    1.1993   -0.2580   -0.9061   -0.4884
    0.6998   -0.1083    1.3770    1.0858   -0.1499   -0.1171   -0.5348    0.7873
   -0.3398    2.3221    0.4096   -0.5878    0.5788   -0.1481    0.6648   -0.6318
   -0.5127    0.9880    0.8945   -0.0632    1.2475    0.9979    0.8085   -0.8942
   -1.6901    1.4511   -0.2608    1.6711   -0.6539    0.7342    2.6521   -1.5938
    2.3158   -2.0282    1.2175    1.5667    0.1455   -0.4041    0.7641    0.1437
    0.6253   -1.9411    0.2408   -0.3806   -0.7083   -0.4445    0.3467    0.1498
    0.6812    0.1854    0.0690   -0.1800   -1.4948   -0.7381    0.4248   -0.5445
    0.9347   -1.5475   -0.6936    0.5522   -0.5970   -0.6969    0.2770    0.2639
   -1.6871   -0.9562    0.0463    0.0556   -0.6590    0.8677   -0.0750   -0.3657
   -1.3947    0.6814    0.7879    0.1731    0.3353   -0.1092    0.3752   -1.1056
   -1.5573   -0.3185    0.3273   -0.3705   -0.4275    0.9229    0.1023    0.2392
   -0.6465   -1.1453   -1.3783    0.0438    0.2239   -0.1242   -0.1061    0.3968
   -1.7796   -0.5313    0.1782   -0.2751   -0.4417    0.1133   -0.3950   -0.1811
    0.6256   -0.3001    1.0737   -0.3221   -0.5971   -0.6685    0.2236    0.5423
    2.4309   -1.8469    0.0396   -1.5325    0.8108   -0.4217    0.1965   -0.1703
   -0.1586   -0.9545    0.7990    0.1780   -0.5672   -0.2867   -0.4845    0.1176
   -0.4820   -0.8697    0.4042    0.7265    0.1203    0.3885   -0.4199   -0.3082
   -0.4998   -1.0651    0.0119    1.3017    0.9691    0.7887   -0.2926    0.1472
   -0.9403   -0.5259   -0.8901    0.2750   -0.0838   -0.2493   -0.4181   -0.2901
   -0.7096   -1.0544    0.3463   -0.7197   -0.0117   -0.4098   -0.2846   -0.6198
   -2.8883   -0.5556   -0.0246   -0.1106   -0.1606    0.6077   -0.1404   -0.2563
    0.6714    1.6378    0.5686    0.7735   -0.1205   -0.4442    1.5376   -0.1934
   -1.5704   -0.4036    0.7842   -0.4201   -0.4354    0.0405   -0.3919    0.6285
    1.1116   -2.0756   -0.6064   -0.1773   -0.3434   -1.0660    0.2658    0.0991
    1.5926   -2.0834    0.0129   -0.9871    0.0569   -0.3406    0.1961   -0.3167
    0.7570   -1.1200   -0.3501   -0.2228   -0.1576    0.5048   -0.3833   -0.3061
    1.2398   -1.4147    0.4291    0.4867   -0.8343    0.4043    0.1647    0.0057
    0.3116    0.0646   -0.6244   -0.9597   -0.5026   -0.1224    0.3826    0.3662
    1.0793    0.7238    0.9054   -0.6462   -1.2070   -0.2291   -0.7136   -0.0688
   -0.4127    0.0571   -0.1932    0.8368    1.6169    1.2013    0.0305   -0.4037
   -1.0992    2.0144    0.9138    0.1928   -0.5919   -0.4883   -1.3214   -0.4499
   -0.7372    0.3547    1.4061    0.3158   -0.1372    0.4425    0.0824   -0.0975
   -0.4545    1.1987    1.6682    0.3710   -1.0389   -0.5836   -0.3519    0.0504
   -1.7554    0.1104   -0.4894   -0.4414    0.5839    0.6270   -0.6631    0.3284
   -1.0092   -0.9039    1.1215    0.0788   -0.6166   -0.1551   -0.1259    0.0378
    1.7373   -0.4955   -0.1606    0.2333   -1.4033   -0.0787   -0.2558    0.1841
   -1.5981   -0.9967    0.1604   -0.3692   -0.3270    0.4002    0.0537    0.0879
   -0.7934    1.4972   -0.1777    1.3735   -0.1992    0.6785   -1.1254   -0.0768
    0.4112    2.4820   -0.1289    0.3555    1.0423    0.9969    1.1166   -0.4955
   -0.0901   -1.8864    1.7414    0.5290   -0.6195   -0.0878    0.3377    0.5558
    1.0906   -0.8344    0.4256   -1.4174   -1.2460   -0.1477   -0.6326   -1.1482
    0.1766   -1.7519    0.3556    0.4676   -0.0464   -0.3558    0.4159   -0.1243
   -1.2656   -0.4995    0.4058   -0.2659    1.4532    0.4445   -0.2103   -0.5230
    1.5603    0.7337   -0.4964    1.0523    1.2369    0.7532    1.4392    0.6856
   -0.8471    0.7110   -0.5343    0.8016    0.6134    0.2512   -0.3180   -0.2853
   -0.9854   -1.1331    0.8461    0.8136   -0.3098    0.8977   -0.0774    0.1125
    0.0032    2.4273    0.0243   -0.8716    0.9261    0.5163   -0.0952    0.1730
   -2.0855   -0.7682   -0.1271    0.2045   -0.0679    0.3683   -0.0021    0.1438
    1.5840   -0.8672    0.0231    2.3187    0.3016    1.3006    0.2638    0.7173
    1.1180    0.4939   -1.3027   -0.4517   -0.9244   -0.4302   -0.1152    0.6161
    1.5629    0.3481   -1.0149    0.2824   -0.8021    0.5305   -0.2217    0.4112
    0.5960    0.3200   -1.1143   -1.1754    0.3030    0.5974   -0.3484    0.1732
   -0.7495   -1.1415   -0.9086    2.3084   -0.3720    0.6714   -0.1641   -0.1549
    0.0219   -1.6105   -1.0455    0.4029   -0.3651    0.2516   -0.2032    0.2413
   -0.0007    0.0768    0.1940   -0.4674    0.0208    0.6272    0.2068    0.3143
    0.4142   -0.4906   -0.3392   -0.6089   -0.7288    0.0106   -0.4270    0.8191
    0.6960   -1.2259   -0.4288    0.2721   -0.1347   -0.0427    0.3261   -0.1656
   -1.7680    0.7369   -3.0581   -1.4576    0.5662   -1.8976    0.4996    0.7103
    1.5219   -1.8071    0.7779   -1.3204    0.0572   -0.0718    0.1824   -1.2015
   -0.7468    2.3824   -0.4182   -0.3100    0.2344    0.7617    1.4156   -0.2851
    0.0832    0.4932    0.6208    1.2511   -1.1085    0.1023   -0.3913   -0.0958
   -0.2369   -0.7850    0.3247   -0.4188    0.1702   -0.0993   -0.0561   -0.1827
    2.1340   -0.5211    0.1819   -0.9223   -0.0879   -0.0000   -0.5237    0.4178
    2.1967    0.7194    0.2744    0.1694   -0.7925   -0.5682   -0.3742    0.8567
   -1.0375    1.9100   -1.6810   -0.7541    0.6494    0.6218    2.5955   -0.0874
    1.5517    0.8723    0.0920    0.2461    1.1522    1.7244   -0.0820    1.7320
    0.4846   -1.3293    1.4094   -0.8307    1.2517   -0.5884    0.2759   -0.1331
    2.2484    1.6062   -0.8814   -0.5396    0.0921    0.3974    0.0445   -0.0536
   -1.3239   -0.2530    0.6499   -0.4171   -0.3732    0.7447   -0.7149    0.2473
   -1.1184   -1.2607    0.6704   -0.6120   -0.3518    0.2483   -0.0048   -0.1537
   -0.8351   -0.5953    1.1560   -0.5124    0.7692    0.7082   -0.0589    0.3166
   -0.8269    1.3344   -0.2231   -0.5685    0.7942    0.5484    0.1438    0.0054
    0.7759    2.0220   -0.7271   -0.9144   -1.0749    0.0886   -0.2505    0.7324
   -0.7060    0.5762   -0.2994   -0.0319   -0.5239    0.9342    0.0818   -0.0482
   -0.9854   -0.9867    0.6021   -0.4825    0.2842    0.3205    0.1128    0.8767
   -0.4731    1.0386    0.6606   -0.2025    1.0561    0.2552   -0.6016   -0.4066
   -1.4007   -1.0899    0.8351   -0.2706    0.0893   -0.0846    0.1375    0.3168
   -1.1222   -0.8961    0.4950    0.0884    0.1346   -0.1172   -0.1448    0.4218
   -1.6811   -0.0261   -0.7413    0.0250    0.6121    0.0951   -0.1499   -0.1050
   -0.1793   -0.6207   -0.5292    0.4892    0.4455    1.3443   -0.6829    0.6856
   -1.4253    0.9032    0.2628   -0.4704    0.3379    0.5025   -0.5639   -0.0236
   -0.6656    1.2451    0.3070   -0.4303    0.8472   -0.1146   -0.1578   -0.4202
    3.0521    1.6961   -0.6044   -1.0442   -1.0076    0.7112    0.4000   -0.1575
   -2.5726   -0.8108   -0.3586    0.5259   -1.2158    2.8281    0.2392    1.6099
   -0.8015   -0.5706    0.8616    0.1861    0.5572    1.0788   -0.0861    0.3689
    3.0096   -2.0130   -1.6764    0.7022    0.3326    0.6245   -0.6665    0.2306
   -0.4129    1.5309   -0.1393    1.2634    0.6803    1.2564    1.9834   -1.1360
   -0.4075    1.0977    1.1458    1.2612   -1.0631   -0.6350   -0.0225   -0.2685
   -0.8144   -0.1702    0.1724   -0.3727    0.5427    0.5386    1.0289    0.3791
   -1.1364   -0.6963    0.7590    0.2747   -0.3584    0.1651    0.7914    0.3350
    2.2412   -1.4307   -1.5351   -1.4072    0.9023    0.0960    0.0773    0.0448
    2.6885    0.4307   -1.7522   -1.4588   -2.0981    0.1327   -0.4752   -1.4474
    0.2942   -0.0482    1.5545    0.0404   -0.0299   -0.5325    1.0037    0.3142
    0.8895    2.8193    0.7673    0.6447    0.5879   -0.9168   -1.6764   -0.5206
   -0.1397   -1.4659   -1.5544    3.3063   -0.8699    0.1460   -0.4250   -0.5046
   -1.2111    0.1508    0.5730    0.1302   -0.8201    0.0991   -0.1346    0.2861
   -0.7071   -1.1368    1.5506   -0.4698    0.3002   -0.0360    0.0844   -0.0467
    0.5373   -0.1175   -0.5413   -0.7493    0.0062    0.5158    1.1283    0.2917
    3.4342   -0.0401    0.0237    0.0260   -0.5685   -0.6084    3.3648    3.5287
    0.7201    0.5304   -1.1733    1.5882   -0.4401    0.5924    0.3242   -0.3525
   -2.2087    0.0856    0.3216    0.3111   -0.1308    0.8294   -0.4529   -0.3143
   -1.8715   -0.1950   -0.2724   -0.1650    0.5771    0.2779   -0.3849   -0.1321
    0.0364    1.8764   -0.4122    0.8237   -1.4001    0.5154   -0.0040    0.6031
   -2.2942   -0.2885   -2.1282   -0.7332    0.2977   -2.4153   -0.2616    0.0378
    1.1396    2.2359   -0.0815   -1.2299    2.1376   -1.1194   -0.6123   -0.0781
   -0.9263   -0.5392    0.7216    0.2632   -0.5854   -0.1122    0.5824   -0.3684
    3.5977   -2.2212   -0.5860   -2.5807   -0.2138    0.8868   -0.2257   -0.9564
    0.1440   -1.6040    1.1660   -0.4299    0.0169    0.1503    0.4559    0.2601
   -0.4789    1.8727    0.0778   -0.3938    0.5016   -0.3245   -0.6349   -0.1206
   -0.2119   -1.3525    0.9984    0.2337    0.6070   -0.4677   -0.0201    0.1280
   -1.1862   -0.4415    0.4504    0.8435    1.1023    0.6687   -0.0745   -0.8842
   -4.3740    0.6248   -2.5982   -0.9200   -2.1399   -0.1404   -0.1132    1.2605
   -1.1692   -1.0071   -0.6692    0.7675   -0.4355    0.1806   -0.3809   -0.2697
   -0.2689    1.2311    0.0621    0.0070    1.2167    0.3317    0.4183   -0.5496
    1.3739    2.1304    0.8054   -0.0971   -1.8569   -0.9256   -1.1329   -0.5737
    0.7242    2.0035   -0.2169   -0.6399    1.7437   -0.1766   -0.6099    0.0975
   -1.3680   -0.4232    0.0781   -0.3792   -0.7535    0.4907   -0.0753    0.2151
   -0.2743    0.0179    0.5032    0.1842    0.2383    1.1243   -0.4326   -0.2741
   -0.3880    1.6951    0.4950   -0.5987    0.9317    0.0364    0.2324   -0.5184
   -1.4383   -0.2334    0.5280   -0.3994    1.2367    2.0107   -0.4558    0.1233
   -0.5692    1.2616   -0.4411    1.5882    0.0494   -0.0889   -1.1772   -0.2944
   -1.2446   -0.4696   -0.5279    0.6171   -0.3053    0.5667   -0.5068    0.2174
    0.1840    0.2966    0.3555    0.8298   -0.0607   -0.1602    0.0391    0.6131
   -0.4522    1.6170   -0.7526   -0.4434    0.7769   -0.1093   -0.6644    0.3521
   -1.9866   -0.3001   -2.9658    0.3602    0.3071   -1.9200   -0.0122    0.1395
    3.5175   -0.1045   -1.5425    0.8371    0.7044    0.1962    1.5791   -1.0729
    1.3574   -1.1558    0.5440   -0.4209    2.1248   -0.9644    0.3705    0.6872
   -1.3237   -1.1410   -0.9584   -0.3876   -0.0655    0.8299   -0.0639    0.1352
   -0.0837   -0.6730    0.2788   -0.7889   -0.3157   -0.3563   -0.4105    0.1228
   -0.1295   -0.6018    0.5847   -0.1259    0.7474   -0.4285    0.1549    0.4508
    0.6466   -1.5666    1.0970   -0.7022   -0.2331    0.1680    0.2802    0.4104
    2.4910    0.7922   -0.3781   -1.1466   -0.3025    0.5141   -0.7753    0.7229
    1.7902   -1.5845    0.9943   -0.0773    0.4748   -0.1456    0.0062   -0.3361
    2.8789    0.8296   -0.5143   -0.1211   -1.3982   -1.1008   -1.3114    0.0621
   -2.5080   -0.6850   -0.1136   -0.8092    0.5733    0.1577    0.0442   -0.2456
   -0.3635   -0.6536    0.7164    0.8526   -0.2271   -0.3144   -0.3066    0.5950
    4.4532   -2.7743   -0.8562   -2.4255   -0.2969    0.6978   -0.9664   -2.7436
   -0.2525   -1.1597    1.4509   -0.1492    0.7790    0.1812    0.1857   -0.2497
    1.6174    1.0745   -1.0882   -0.2571   -0.3231   -0.0218    0.3981    0.1228
    0.0639   -1.1783    1.1472    0.6712    0.0059   -0.8238    0.4337    0.4798
   -0.8891    1.9720    1.4152    0.2672   -0.3521   -0.4205   -1.0242   -0.8359
   -1.6251    0.0167   -0.9743   -0.3482    0.7279    0.1515   -0.6409    0.3511
    0.0915    0.6409    0.7829   -0.7714   -1.3678   -0.6907    0.7982   -0.3057
    1.3520    0.9567    0.5637   -0.3621   -1.1500   -0.5500    1.0170   -0.8957
    2.2260   -1.8344    0.7474   -0.1224    0.1043   -0.1598    0.5327   -0.5815
    2.2841    1.1727   -0.8788    1.3766   -0.4888    0.3561   -0.8689    0.3200
   -2.1893   -1.2235   -0.0254   -0.0696   -1.0689    0.2258    0.1884   -0.1699
   -1.1722   -0.3357    0.4585   -0.0506   -0.7457   -0.3288   -0.0301    0.0067
   -1.1530    1.2054    0.5084   -0.2074    0.1987   -0.0113   -0.8855   -0.2445
    2.0033   -1.6759    0.1229   -1.4165    0.3507    0.3088    0.1760   -0.3251
   -1.6898   -0.6517   -0.4694   -0.7776   -0.0372    0.4270    0.1370    0.3221
    1.7270    1.3304    1.0144   -0.2296   -0.5391   -0.3547    0.2730    0.1126
   -0.8931    2.1331   -0.1138   -0.5067   -0.0999   -0.1945   -1.0816    0.2916
    1.1723    3.3399   -0.3901   -0.7412    1.5863    0.5640    1.0516   -0.0488
    2.5582   -1.6431    1.3668   -0.6620    0.2866   -0.4643    0.4369   -0.4470
    1.8209   -0.6423   -0.8558   -1.5051   -0.5322    0.3330    0.0142   -0.5648
   -0.6253   -1.2380    1.3486   -0.2728   -0.1057    0.1376    0.2686    0.3344
   -3.7774   -1.0514   -1.6514   -0.0356   -0.7107   -1.3384    0.7519   -0.5019
   -1.4166   -1.2006    0.5490   -0.2648   -0.0277    0.4131    0.4333    0.7272
    1.4283   -0.5551   -0.5637   -1.1890   -0.4598    0.3751   -0.5360   -0.5708
   -1.1303    1.4636    1.2416    0.7233   -0.2859   -0.2353   -0.2940   -1.1886
    0.3126    0.9465    0.6298   -0.7681   -1.2360    0.0041    0.0316    1.0945
   -0.7756    0.0401    0.4701    0.1436   -0.5209    0.3370   -0.2835    1.0317
   -1.2055   -1.0400    1.2528   -0.1875   -1.0334    0.3182    0.2835    0.1199
    4.4452   -2.4408   -1.4973    4.7300    2.1681   -1.1896   -0.1322    1.3081
    0.3701    1.0152   -0.2979    1.4472    1.3046    0.0131   -0.6209   -0.5933
   -1.3858   -1.3458   -2.5934    3.0016   -1.5544    3.0467   -0.2530    1.3443
    0.4317   -0.6019   -0.0046   -0.1924   -0.8014    0.2158    1.0950   -0.8392
   -1.5122   -0.9554    0.0190    0.3162   -0.7434    0.7673    0.3209    0.5009
   -1.0583   -0.2296    0.7512   -0.3611    1.4561   -0.0263   -0.1881   -0.8014
   -2.5608    1.0617   -2.0140   -0.7623   -0.8390   -2.1692    0.1849    0.0917
   -0.4762    2.7430   -0.6322    1.3828   -0.5497    0.4991    0.4209   -0.3841
   -0.5817   -0.8400    0.2664   -0.4870    0.6097    0.5705    0.2325   -0.0135
   -0.6697    0.8153    0.2878   -0.5071    1.1803    0.5965   -0.5813   -0.0383
   -1.6929   -1.0985   -3.0126    0.8337    1.0162   -2.0920    0.2880   -0.2950
   -0.2508   -1.3169    0.0991    0.2232    0.6538   -0.5886    0.0817    0.7612
    1.6915   -0.9587    1.4360   -0.1730    1.8660   -0.5249    0.2149    0.6831
   -0.6725    0.4727    0.0671    0.3228    1.0624    0.4162   -0.8203   -0.2107
   -0.5657   -0.6040    0.6840   -0.3753    0.2012    1.3491   -0.5313    0.3383
   -1.5918   -0.7933   -0.5692    0.2950   -0.2338    0.1265    0.2511    0.0799
    2.3518    1.4360    0.4431    0.8103   -1.0609   -1.0164   -0.4628   -0.1543
   -0.4224    0.0217   -1.2086    1.7880    1.0567    0.4014   -1.2943    0.0509
    1.3734   -0.9822    0.0493   -0.9761    0.1718    0.0578    0.0491    0.0319
   -0.3322   -1.3848    0.3533    0.4341    0.3515   -0.3425    0.1256    0.8057
    1.1157    0.4390    2.0313    0.1734   -0.4124   -1.5991    0.3288   -0.3372
   -1.0673   -1.0093    0.6186   -0.2932    0.1322    1.2481   -0.0912   -0.2366
    0.7473    2.3481   -0.7775    0.9241    1.3780    1.2105    1.6650   -0.5476
    2.1046    1.4507    1.1190    1.7724   -0.2774   -1.5445   -0.4938    0.3994
   -2.7423   -0.9757   -1.8395   -1.0188    0.5763   -2.1064    0.5938   -0.3235
    0.9574    1.5801    0.1904   -0.0448   -0.0469   -0.2594    0.1470    1.2181
   -4.9098   -0.5458   -2.3194   -0.3443   -1.9999    0.1500    0.3002    0.7331
    2.2062   -2.0085   -3.1352    4.1222    0.1546   -0.8481    0.2488   -0.4250
   -1.4634    0.5447    0.6420   -0.5065    0.6052    0.3056   -0.0595   -0.5142
   -0.2063   -1.0490    0.5233    0.5659   -0.6974   -0.0958   -0.1994   -0.1952
    2.5072   -2.4292   -2.7895   -0.4650   -0.5740    0.9383   -0.7530   -0.9510
   -0.0047   -0.6884   -0.2552    1.3952   -0.2698    0.1193   -0.2730   -0.1675
   -0.3511    0.0365    0.4182   -0.5607    2.0777    0.1104   -0.2180   -0.5160
   -1.3087    0.4370   -0.1189   -0.8221    1.0283    0.8903   -0.1395    0.1671
   -0.1840   -1.4357    0.6110   -0.6307    0.6517   -0.3244    0.5250    1.1564
   -0.2019    2.3144    0.8728    0.4081    0.2167   -0.1998   -0.0665   -0.9168
    0.7296    1.0198    0.3935   -0.8252   -0.2267    0.5088   -0.6627   -0.3381
   -0.7812    0.3401   -0.0036    0.3042   -0.8301   -0.2228   -0.3098    0.1192
    0.3059   -0.6793   -0.8991    1.0439   -1.6671    0.4821    0.0018   -0.0062
    0.9926   -1.8240    0.7031    1.6044   -0.3288   -0.8983    0.6697    0.2294
    0.4471    0.0562   -0.6310   -1.2200    0.5142    0.6335   -0.1419    0.4848
    0.2733    0.8222    1.3952    0.7177   -0.5802   -1.1082   -0.1102    0.0702
   -0.7109   -1.3363    1.2587   -0.0187    0.3344   -0.4521    0.6098    0.1227
   -1.2006    1.1555   -0.4665   -0.7986    0.7048    1.2456    0.1614    0.4199
   -0.3214    1.3212    0.8236    0.0274    0.9692    0.5034   -0.3540   -0.5491
    0.8943    1.7763    1.4095    0.3775   -1.7370   -1.2343   -0.1308    0.3569
   -2.1257    0.6695    0.5766    1.2870   -0.8675   -0.0145   -0.0855   -1.1107
    2.3037   -0.5602   -0.5785   -1.7892   -0.0882    0.2831   -0.2817    0.4161
    0.0063    3.0830   -1.0030   -1.3156    0.8524    0.9876    0.8865    0.6753
    0.9670    1.8904    0.9880    0.3645   -1.7965   -0.2312   -0.5669    0.2715
    1.8459    0.8923    1.0128    2.3762   -0.1909   -1.2341   -0.8703    0.2665
   -4.3923    0.6244   -2.5545   -0.5313   -2.3617   -0.2311   -0.4378    1.2135
    1.3072    3.4514   -0.0995    0.2053   -1.5362    0.0587    2.2291    0.3763
    2.0281   -0.5571   -1.8235   -1.2804   -0.6932    0.4340   -0.7136    0.3696
   -0.1726   -1.7450    0.3817    0.2480    0.0225   -0.1886    0.3423    0.3796
    1.0806    0.7976    0.5799   -0.2191   -1.2699   -0.7529   -0.0912    0.8888
    1.0774   -1.5783   -2.3967    2.0770   -0.9792    0.8480   -0.7073   -0.5486
   -2.4773   -0.2275   -2.5162   -1.0427    0.3550   -1.7756    0.4310    0.2815
   -0.1484   -0.3493    0.9293   -0.2229   -0.3674   -0.9850   -0.3912    1.1031
    0.1967    2.8212   -0.0976   -0.5069    0.8831    0.1352    1.4159   -0.5770
    0.6283   -0.2107   -0.4217   -1.1587    1.3767   -0.1733   -0.1618    1.7495
   -0.4250    1.9359    1.1057   -0.0482   -0.6398    0.9582    0.3721    0.3634
   -0.1797    2.5223    0.4649    0.6950    0.0240   -0.7039    0.4331   -1.1500
    1.6973    1.5783    0.2056   -0.3080    0.7241   -1.3342   -0.2330    0.9940
    0.7822   -1.6840   -1.1634    0.8365   -0.5990   -0.3434    0.3648    0.2240
   -1.6271   -0.0036    0.5735    0.3964    0.3310   -0.5636   -0.6374   -0.8967
   -1.3921   -0.6632    0.5468   -0.4991    0.2811    0.3643    0.1928    0.4182
    3.1671   -2.3711   -0.8751   -1.0534   -0.7607    0.8077   -0.6338   -1.0972
   -0.9715    1.4931    0.3552   -0.0829    0.5047    0.8657    1.2397   -0.7453
    1.6614   -1.1627    1.2494    1.9351    0.6324    0.3946    0.5904   -0.4675
    0.2963   -1.9229    0.8996    1.0427    0.0322   -1.3119    0.2900   -0.1114
    2.5967    0.0247   -0.7339    2.2698   -1.3312   -0.0707    1.2590   -0.4813
   -1.0206    2.9568    0.7387   -0.3937   -0.8398    0.1612   -0.9341    0.0119
   -2.1813   -0.4042    0.1649   -0.5060    0.4792   -0.4347   -0.2864   -0.5241
    3.7498   -1.1798   -0.8922   -1.3535   -1.7297    0.7406   -0.6920   -1.2052
   -0.5847    2.5540    0.4060    0.4324   -0.5817   -0.7033   -1.5796   -0.1985
   -1.1073    0.9827   -0.0450   -0.1310    0.4209    0.2681   -0.8765    0.0595
    0.1369    0.2459    1.0327    0.1375   -0.1891   -1.3255   -0.3336    0.4449
    1.1550    1.6579    0.5853   -0.7241   -1.4045    0.0885   -0.6067    0.8309
   -1.7088   -0.2891    0.4068   -0.6017   -0.2159    1.2425    0.2656    0.0723
    2.0954    2.1432    0.8944   -0.7432   -0.8246   -0.1391   -0.2764    0.2478
    3.1262    0.9160   -1.5461    0.5096    0.5198   -0.1588    0.4414   -0.3109
   -1.4476    3.3554   -1.2950    0.6202   -1.2498    2.9866    1.7291    0.6247
   -1.0893   -1.1166   -0.2488   -0.0521   -0.5529    0.9283   -0.2514   -0.3785
   -0.8703   -0.8287    0.1968    0.0635    0.4197   -0.1197   -0.2206    0.5426
    0.4519    0.4506    1.4247    0.0573    0.2797   -0.6107    0.2775    0.1595
   -0.1244   -0.9207    0.7474   -0.1689    0.2930   -0.5592    0.0175   -0.3204
   -0.6611    0.8369   -0.3710   -0.1997    1.0240    0.3917   -0.8769    0.2400
   -0.3589   -0.2088    2.4025    2.3280   -1.7546   -1.5163    0.6578   -0.9050
    3.3000    1.1363   -0.3773    0.8220   -1.4828   -0.1845   -0.1645    0.2919
   -1.7079   -0.1652   -2.8321    1.1646    0.3839   -1.9753    1.5117   -0.8177
   -1.0371   -1.0799    0.4738   -0.8012   -0.5004    0.1424    0.0667    0.7973
    2.3570    0.7536   -1.4212    1.0949    0.3546    1.0657    0.7601    0.1296
    0.3247   -1.0986   -0.6228   -0.6578   -0.1130   -0.1195    0.0295    0.5888
    0.6920    0.4023    0.7478   -0.4095    0.3366    0.6135    0.3791    1.4706
    1.1702    0.3114   -1.6930    3.4235    2.0967    0.6832    0.3316   -0.8513
   -1.6576    0.2903    0.1863   -0.7145    0.5767   -0.0360   -0.6551   -0.1191
   -1.0122    1.9945   -0.2054   -0.2851    0.2443    1.2435    1.2652   -0.2171
   -1.7996   -1.2591    0.8334    0.2917   -1.1873   -0.1016    0.1594    0.0069
    0.0465   -0.2024   -1.1355   -0.5404   -0.7259    0.4538   -0.4601   -0.6792
   -0.1217   -1.3704   -0.0084   -0.6879   -0.1592   -2.2769    1.1998   -0.1983
    2.2179   -0.4880    0.2601   -0.2116    0.3736   -0.9176   -0.7795    0.4917
    0.9735   -0.7117    0.2987   -1.3150   -0.2392    0.6572   -1.0400   -0.7765
   -1.8402   -0.5920    0.0793   -0.0964   -0.3348    0.9735    0.1228    0.1251
    1.2645   -0.4092   -1.1264   -1.3437    0.4568    0.2138    0.7757    0.3848
   -0.8123    1.2356    1.0751   -0.4815    0.6730    0.9119   -0.9490   -0.1175
    0.5103    0.0899   -1.5545    1.6877    2.1345    0.2553   -0.2368   -0.2604
    0.5180    1.7078   -0.9585    0.9122   -2.3006   -0.1373   -1.2943   -1.3748
   -1.3961   -0.8654    0.8376   -0.0250   -0.1578    0.5195    0.0902   -0.1865
    0.6006   -0.9999    0.7134   -0.9644   -0.3342   -0.6874    0.1789    0.1009
    0.1826    3.1518    0.6167    1.1073   -0.1056   -0.2506    0.9929   -1.3682
   -1.7131    1.0859    1.0893   -0.1911   -0.1988    1.3749   -0.9332   -0.0447
   -2.1397   -0.6466    0.5050   -0.4845   -0.1808    1.0745    0.0058    0.5469
    1.1891    0.2092    0.9196   -0.7337    0.3426    1.3461    1.0152   -0.2653
    0.4734   -0.2959   -0.7332   -1.2018    0.9212   -0.1525   -0.2270    1.0420
    0.6464    0.3319   -1.2797   -1.4094    0.8359    0.4927   -0.0445    0.5291
    2.3636   -1.1716   -0.2797    1.5491   -0.4714    0.2781    0.8780   -0.2378
   -0.1637   -1.4651    0.1919   -0.6614   -0.1073   -0.4183    0.2929    0.4583
   -0.1718    2.2181    0.0388   -0.0546    0.3076   -0.4227   -1.5133    0.1398
    0.5406   -0.3014    0.8704   -0.5510   -0.3387    0.4531    1.0282   -1.1281
    1.5239    2.3831   -1.3824    1.6244    0.5200    0.5947   -0.4878    1.0476
    0.3175   -1.0696    0.1232   -0.9895   -0.0542    0.0623    0.8129   -0.3354
   -0.2849   -0.9475    1.0234    0.0950   -0.1621    0.3197    0.4056   -0.2023
    0.2008   -0.3129    0.0112   -1.2409   -0.1779   -0.0308   -0.3726   -0.1891
    0.6779   -1.1246    0.9818   -0.4839    0.4581   -0.2344    0.4496    0.3455
   -0.6423    1.2167    0.3090   -0.1982    0.7831   -0.7169    0.0800   -0.7973
   -0.2593   -1.2921   -0.0236   -0.2015   -0.0552   -0.3965   -0.5127   -0.8786
   -0.2999    3.3045    0.5881   -0.0544   -0.5494   -1.0628   -0.6484   -0.5359
   -0.1768   -1.3067    0.5984   -0.7536    0.7641   -0.0676    0.4584    1.2119
   -0.8773   -0.5023    0.2234   -0.0932   -1.1333   -0.8609   -0.5331    0.4872
    0.7102   -1.9900    0.3645    0.2488    0.0994   -0.2332    0.0915   -0.2612
   -1.1358   -1.2023    0.2977   -0.7819   -1.0702    0.2895    0.2005    0.7762
    3.3609    1.8263    0.0248   -0.5550   -2.0702   -0.5171   -0.0941   -0.4894
    0.7771   -0.2373    0.5527   -0.2356    0.1933    0.7746    0.7142   -0.6327
   -1.1862    2.9551    0.4183   -0.0481   -0.9368   -0.0553    0.5624   -0.6085
   -0.4750   -0.5972    0.8160   -0.7463    0.1664    0.3470    0.7914    1.0985
    0.1647   -0.9046   -0.0914    0.5840   -0.8744    0.5818   -0.2355   -0.0174
   -0.1172    1.5949   -1.5756    0.2422   -1.4066   -4.0112   -0.1671    0.8199
    0.8606   -0.6861   -0.2981   -1.4591    0.4056    0.1682   -0.3172    0.9529
   -0.4841    1.0133    0.0825   -0.2591    1.3956    0.1088    1.5681   -1.0278
   -1.5332    0.5136    0.5114   -0.3647    0.4299   -0.3380   -0.2243   -0.6433
    1.6230    1.9104    2.2028    0.4308    0.0581    0.2314    1.8189   -0.1316
   -0.3641    0.7082   -0.9117   -0.8142    1.7430    0.6007   -0.4949    0.5894
    0.6168    1.9348    2.5021    0.4624   -0.9112    0.0817   -0.3576   -0.6267
   -1.2176    0.1072    0.6400   -0.0334   -0.1921    0.3240   -0.1890    0.3366
   -0.2982    2.2953   -0.0068   -0.7019    0.7057    0.4245    0.3488   -0.0782
   -1.4540   -1.0674   -1.1127   -0.4185   -0.7618   -0.0697    0.3382   -0.0384
    1.4681    0.2713    0.0876   -0.5867    0.3941    0.5230    1.7700    0.9825
   -0.9812    1.0875    0.6847   -0.3367    0.4190    0.4506   -1.7416    0.1830
    0.5010    2.4578    0.0466    0.8619    0.6382    0.5231   -0.8338   -0.1271
   -0.4985   -0.5007    0.9820   -0.3874    0.1894   -0.0909   -0.0145    0.7336
   -1.1410   -0.9624    0.5561    0.5435    0.1541    0.5026   -0.3184   -0.6769
    0.3922   -0.4543    0.5322    1.4703    0.5648    0.7894    0.9303    0.2184
    1.1284    2.1094   -0.4839   -0.5003    2.0416    0.1421   -0.7456    0.3367
   -0.1861   -0.5177   -0.0392   -1.3032    0.0368   -0.2605    0.2877   -0.3505
    4.0097   -0.6672   -3.5038   -3.3087   -2.6097    1.8171    1.0563   -3.1734
    0.7478    3.7336   -1.3719   -0.1545    0.6832    0.8008    0.8271    0.4894
    2.5668   -0.0127   -1.0893   -0.4354   -1.6639   -0.1144   -0.1484   -0.2251
   -0.2094    0.0332   -0.0149    2.5737   -0.4760    0.2224   -0.3988    0.0946
   -0.8765    1.4523   -0.0068    0.0858    0.4335    0.3216    0.5217   -0.5235
    2.1775    0.5114    1.3780   -0.2199    1.0027   -1.3545   -0.1876    0.9694
   -1.8340   -0.9936   -1.8963   -0.7664    1.3411   -2.8617    0.5654   -0.6676
   -0.0635    0.4371    0.9224   -0.6542   -0.8282   -0.3772    0.2212    0.3556
   -2.4901   -0.3604    0.1939    0.4649   -0.0988    0.6524    0.0400   -0.6046
    1.0447   -0.9759   -1.4183   -0.5877    1.2989    1.3870   -0.6199    0.1682
   -0.1669    0.9081    0.5327    1.0943    0.8905    0.1463   -1.0697   -0.6489
   -0.4492    1.8420    0.9926   -0.1843    0.4240   -0.7892   -0.4336   -0.8811
   -0.2355   -1.2505    0.5917    0.7926   -0.1082   -0.5388   -0.0867   -0.3292
   -1.2798    1.1508    0.0419   -0.3391    0.4421    1.0668    0.3502   -0.1127
    2.0298   -1.2586    0.3471    0.1381   -0.3213    0.3525   -0.4179   -0.2261
   -0.8417   -1.2379    1.2910    0.4634    0.0579    0.0329    0.1316    0.2029
   -0.3847    0.4131    1.9502    0.4528   -0.4069   -0.1927    1.2261   -0.5528
   -0.3648   -1.2811    0.6441   -0.3508    1.0780   -0.5737    0.2595    0.3244
    0.3436   -0.0855    0.3918   -1.0498    0.1156    0.7560   -0.4032    0.7308
   -0.1123   -0.8350   -0.2772    1.1402   -0.0569    0.0635   -0.1230   -0.4165
    0.8093   -1.0236   -1.0082    2.4060   -0.7228    0.2808    0.2950    0.0326
    1.0565    1.6682    0.2245   -1.0896   -0.6214   -0.1058   -0.0834    0.7940
   -1.0232   -0.9622    0.0955    0.4002   -0.3199    0.5430   -0.4087   -0.0643
   -0.6873    1.6523   -1.4795    0.6647    0.5319    0.3279    2.0518   -0.5827
    1.6425   -1.5673    1.1685   -0.7285    0.5920    0.4117    0.3374    0.3466
   -0.3283   -0.6666    0.1017    0.5150   -0.4155   -0.5698    0.4939    1.0178
   -0.5785   -0.5159    0.8307    0.0638   -0.7954   -0.2600   -0.5062    0.1320
    0.8674    2.3681   -0.1647   -0.9561   -0.4804   -1.4274   -1.1888    1.8349
    0.2350   -0.1176   -0.5535   -1.1225    0.6304    0.3116   -0.2801    0.4472
   -0.3528    1.6643    0.8834   -0.4406   -1.0476   -0.5448   -0.2914    0.8695
   -0.6542   -0.3638    0.8611    0.7508    1.3737   -0.4964   -1.0077   -1.0845
    1.8839    1.8167   -1.3969    2.2826    2.0173    0.5581   -0.7266   -0.0723
    1.5493    0.0061   -1.2004   -1.2537    0.6321    0.2203    0.0170    0.1056
   -1.2572   -0.7479    0.5917   -0.4646   -0.0156   -0.4974    0.0402   -0.4429
   -0.0886   -1.4980    0.9628    0.1521   -0.0397   -0.4989    0.2272   -0.1841
    0.4664   -1.6870    1.3556   -0.0842   -0.0924    0.0201    0.6114    0.2035
   -1.3217   -1.2791    0.1203   -0.5278   -0.7367    0.0842    0.2469    0.0161
   -2.3479   -0.6136    0.6092    0.0490   -0.7071    0.5336   -0.0283   -0.0652
   -0.6168   -0.9532    0.0938   -0.0122   -0.3229   -0.3302   -0.1647    0.6921
   -0.6673   -1.2930   -0.9206   -1.4817   -0.3163    1.1595   -0.1284   -0.0252
   -0.2737    1.0622    2.4209    0.1183   -1.4670   -0.8398    0.1196    0.1780
   -1.3523    0.1687    0.4121   -0.2570   -0.4906    1.3622   -0.1089   -0.0091
    0.3659    2.0283    0.2397   -0.4817    0.6570    0.3179    1.9219   -0.1132
    1.4745   -0.7996   -0.8722   -1.3190   -0.1850   -0.0162    0.0069    0.4891
   -1.9438   -0.2123   -0.2627    0.5853    0.4061    1.6657    0.0446   -0.0940
   -1.0939   -0.8098    0.9359   -0.2699   -0.0785    0.3340   -0.2369   -0.1346
   -0.5720    0.4470    1.3011    0.1145   -0.6905    0.1021    0.3854    0.4487
    1.0256    0.3000    0.4530    0.3247    0.7947   -0.2327    0.2577    0.7533
   -2.1297    0.3848    0.5225    0.0938   -0.2931   -0.2130   -0.5678   -0.6046
   -0.1926    0.7595   -0.3667   -1.3097    2.1463    0.1816    0.4780   -0.0503
   -2.4005    0.5626   -1.8715    0.1396   -0.7628   -2.5304   -0.2227   -0.3055
    0.8321    1.8578   -0.2703    2.5912   -0.8067    0.2922   -0.1076    0.4346
   -1.2975   -1.0419   -0.6966    0.4010   -0.5297    0.2116   -0.3690   -0.1157
   -1.7059    1.6541    0.4740   -0.3223   -0.7178   -0.4947   -1.2135   -0.1270
   -0.0825   -0.2926   -0.6596   -0.5943    0.4683    0.9432   -0.2185    0.5145
    0.5759   -1.0120    0.3200    2.6144   -0.3687    0.3265   -0.4135   -0.2344
   -0.0315   -1.4346   -1.0081    0.0251   -0.1947    0.4717   -0.3376    0.0002
    2.5336   -0.3131   -2.5745   -0.8621   -1.3170   -0.2404   -0.8297   -0.0887
    1.1407    1.7213    1.7459   -0.1469   -1.6463   -1.7333   -0.1172    1.4309
    0.6995    1.3604    0.8397    1.1065   -0.9906   -0.6365    0.1559    0.6768
   -0.3431    1.3187   -1.1811    1.7974    0.1061   -0.7760   -1.3334   -0.1665
   -1.5059    0.0714   -0.1549   -0.7909    0.9294   -0.3098   -0.4752   -0.1269
    1.5167    1.5523   -1.1276    0.1056   -1.5245   -0.1081    1.1851   -0.0027
    0.6855   -1.5014   -1.6709    1.8678    0.0938    0.9584   -0.3507   -0.4735
   -1.7253    0.2065   -2.0640   -0.5756    0.6308   -2.6757    1.1571   -0.6655
    0.5372    0.4063    0.0757   -1.2446   -1.6608    0.3060   -0.1504    0.2203
   -0.5435   -0.8269   -0.0788   -0.8378    0.5047    0.8479   -0.1789    0.7840
    2.1822   -1.0549   -0.0119   -0.1767    1.3604    0.0174   -0.4526    0.6328
    3.3903   -1.8057    2.5027   -0.3589    2.3183   -1.1460    0.0184   -0.8291
   -0.2244   -1.5222    1.6523    0.5067    0.4711    0.2847    0.0071   -0.2996
   -0.3140   -0.7522    0.3465    0.8989    2.0523   -0.3862   -0.3789   -1.1669
   -0.2852    1.5542   -1.8645    0.1456    0.4304   -4.4735   -0.7028   -0.7385
   -1.7515   -0.7569   -2.0209   -1.0274    1.3953   -2.7813    0.7596   -0.5445
    1.3507    0.4318    0.1523   -0.3966    2.0196    1.4195    0.8651    1.0207
    0.0070    0.1771    1.6694    0.2831    0.1174    0.3450    1.0517   -0.0439
   -0.5813   -1.4742    0.2985    0.5465    0.2170    0.3268    0.0430    0.1228
    0.4342    1.7042    0.4181   -0.6030    1.6920   -0.7707    0.2507   -0.7964
    0.5776    0.6092    1.7822   -0.2464    2.2306   -0.8039   -1.1045   -1.2089
   -1.1607   -0.5270    0.3368    0.3053   -0.2960   -0.3099   -0.4103    0.5248
   -0.7752   -1.1272   -0.3572    1.9990    0.1296    0.5407   -0.2324    0.3012
   -3.5346   -0.6160   -1.7034   -0.9205   -0.5154   -1.5828    0.3069   -0.0423
    2.6210    0.3769   -0.9386   -1.9036   -0.7133   -0.3284   -0.1492    0.2763
   -1.2321   -0.5587    0.2641   -0.1913    0.0348    0.3540    0.0359    0.7025
    0.6271   -1.8492    0.3412   -0.8451   -0.2136   -0.3172   -0.0839   -0.2910
    2.2406   -1.7484   -0.9381    0.5854    0.4495    0.6615   -0.9575   -1.1603
   -1.0913   -0.4718    0.6538   -0.7385    0.2984    0.0753    0.1299    0.5632
   -0.1855   -1.3773    0.6881   -0.9361   -0.0314   -0.0016   -0.0146   -0.2210
   -0.8221   -1.0988    0.6181    0.4689   -0.1473   -0.1699   -0.2029   -0.1906
   -1.2490   -0.7723   -2.5637    0.0418    1.5165   -2.7742    0.6996   -0.6285


explained =

   12.3464
   10.6693
    3.6766
    5.7738
    3.5264
    2.9891
    3.9584
   12.0333
    7.5002
    2.8363
    5.4590
    3.2913
    4.7586
    3.3758
    5.6079
    2.0977
    4.1842
    9.0572
   20.1688
    5.0372
    7.3105
    5.2718
    5.2477
   24.3533
    2.9330
   27.3472
    6.8677
    3.8340
   19.9216
   10.4219
   16.3255
    5.7099
    4.9567
    5.9590
   10.5677
    1.6840
   15.2717
    2.6014
    3.7088
    5.7067
    3.2945
    3.1747
    2.4468
   12.9043
   15.1603
    5.3058
    3.2862
    9.2278
    8.7902
    4.0154
    2.1497
    7.3828
    2.1247
    2.3395
   19.8323
    5.2050
    8.9155
    2.9949
    3.8400
   15.1450
    3.8985
    0.9822
   12.5463
   10.2079
    4.2994
    8.8317
   11.9604
    1.9019
    4.5225
    4.0231
   14.9614
    5.7396
    9.8508
   13.8140
    5.3247
    8.5200
    3.6443
    7.8911
    3.5751
    7.7336
   10.2355
    3.5455
    5.1805
    6.7888
   21.3706
   15.1330
    3.3139
   10.6193
   22.9842
    5.2111
    7.8223
    9.0611
    1.7608
    8.3919
    3.9361
    4.3109
    5.0867
    2.0710
    4.9077
    6.6490
    4.9415
    2.4168
    5.8774
    9.9103
   13.3432
    6.4021
    2.2492
    5.5525
   14.4066
    2.1451
   27.6973
    3.4991
    5.4270
   17.9355
   10.1345
    1.2024
    1.8353
    6.6544
   18.0125
    6.5405
    2.6753
    4.9177
    3.9649
    4.9705
    3.4204
    7.3067
    5.1008
   11.3409
    5.3126
    1.5309
    1.9349
   10.5615
   11.8496
    1.7772
   11.2228
    5.0243
    2.4201
    8.0232
    3.7338
   16.3579
    2.6481
   10.0171
    2.2902
    4.5834
   11.8137
    3.2879
   10.1540
   13.4371
    7.6330
    1.9045
    6.4809
    5.6364
    6.2601
    8.4626
   30.0265
   10.8304
    3.8856
    5.1258
    4.1414
    3.9207
    5.3983
    3.1236
    3.3191
    2.5452
    3.4272
    8.7125
    2.3223
    2.1791
    4.9986
    2.1640
    2.9689
    5.0394
    8.7405
    3.6819
    5.4948
    5.3551
    2.1668
    3.5586
    2.4596
    5.2992
    6.7486
    9.2440
    2.7062
    5.9705
    4.2690
    2.7669
    4.4964
    2.3961
    7.4284
   10.2393
    6.8761
    9.6269
    2.8063
    4.9669
   11.8112
    2.6422
    3.9682
    5.8697
    2.7814
   11.5211
    4.9670
    4.1209
    3.9339
    8.5944
    3.2610
    1.1913
    3.5317
    1.7215
   20.6462
    9.2204
    9.7164
    4.2143
    0.8240
    4.4339
    6.1998
   23.0616
   15.1826
    6.5727
    5.2972
    3.8286
    2.6925
    3.8715
    3.0746
    7.1044
    2.1563
    3.8480
    4.0125
    2.7236
    1.8672
    2.4900
    5.9016
    3.0408
    2.8643
   10.2525
   24.0453
    3.6914
   11.9371
   18.5995
    6.0135
    4.1795
    3.5197
    9.1741
   20.4043
    5.4201
   15.0404
   17.5922
    2.1964
    3.7092
    4.6481
   64.5255
    5.8122
    4.3319
    2.7682
    6.7924
   16.2481
   13.8309
    2.7703
   20.3880
    3.7276
    3.8078
    2.9507
    5.9500
   26.9625
    3.1534
    4.1675
   13.7648
    7.9808
    2.3898
    2.8387
    4.3077
    9.8020
    7.5347
    2.8767
    1.9238
    4.5450
   16.0992
   18.5718
   10.8402
    3.7209
    1.7696
    2.1186
    4.0607
    8.1887
    4.6020
   13.0637
    4.6858
    2.9176
   43.1033
    3.9496
    3.7188
    4.5741
    9.3172
    4.3363
    6.3312
    8.4699
    6.5116
    8.6952
    4.9288
    1.8196
    3.8509
    6.4381
    3.0812
    4.3100
    6.3925
   14.2854
    8.4258
    6.3589
    3.4210
   15.4419
    4.2012
    4.9915
    7.8534
    6.5660
    3.8897
    4.6526
   52.1076
    7.0302
   39.4479
    5.8321
    4.1901
    5.6944
   16.1924
    8.5258
    1.9826
    4.0846
   19.6831
    3.6225
   10.1354
    3.8797
    4.5967
    2.2721
    8.3187
   10.6275
    2.5776
    3.4884
    9.1796
    4.0370
   16.8819
   12.5314
   16.5322
    5.7991
   24.0300
   34.4305
    3.1728
    2.1107
   19.5773
    2.8230
    6.9508
    4.3205
    6.7066
    6.3023
    3.5228
    1.6913
    6.2151
    8.2050
    3.6592
    5.1186
    4.1813
    5.7648
    4.3579
   10.7674
    8.6621
    7.3304
   13.7664
    8.8349
   13.4781
   27.6812
   23.0258
    9.6297
    2.6949
    6.2110
   16.4928
   15.6665
    5.9377
   11.5767
   12.0444
    5.9755
    8.9345
    8.8383
    5.1058
    5.3455
    2.5810
   15.7767
    8.3213
    9.8408
    6.8820
   16.0508
    9.3407
    4.1702
   19.8563
   11.4977
    3.3421
    4.4251
    8.3196
    4.4867
    7.4512
    8.9434
   32.5417
    3.5130
    1.9118
    3.0690
    1.8931
    4.3385
   21.9329
   10.1139
   23.5462
    4.0739
    9.5068
    2.5091
    7.4733
   24.6966
    3.4619
    9.1612
    5.1725
    4.2193
   12.6070
    6.0835
    7.4855
    3.4554
    6.2008
    6.5317
   11.8633
   19.1839
    2.5955
    3.1926
   14.6451
    8.1421
    5.4289
    7.4880
    6.2161
    5.9736
    8.5830
    2.7763
    8.7432
    7.3763
   13.3437
    3.6535
    2.2609
    2.2150
    3.2793
    4.3366
    3.8324
   10.5041
    6.9029
    4.5714
    3.0437
    5.4283
   14.3489
    3.7986
    8.7863
    6.2691
    2.4797
   31.3865
    5.7992
   11.7791
    3.2539
   16.2670
    7.7795
   11.0355
    1.6934
    4.8737
    4.1198
   11.8840
    9.5118
    7.0780
    2.7659
    3.5752
    6.2988
   10.7456
    2.6278
   73.2253
   14.0290
    8.3480
    8.0037
    3.3376
   10.7210
   22.3019
    2.9266
    4.9129
    9.3393
    6.8880
    6.5853
    2.6872
    3.9122
    3.9282
    3.2400
    8.6593
    3.9601
    3.9664
    2.3842
    9.2240
    5.6222
    2.1979
   15.7490
    5.9211
    4.4619
    2.5561
   19.6409
    3.0425
    6.5831
    9.7466
   18.2053
    4.8936
    2.5221
    2.8072
    4.5582
    2.9855
    4.3402
    2.2773
    6.5119
   10.2944
    4.1514
   12.2512
    4.7090
    6.5370
    2.2411
    3.4141
    3.3465
    4.4234
    8.9084
   16.7109
   11.2117
    2.8848
    7.8932
    3.1947
    9.1808
    2.8288
   14.3865
   18.3067
    6.3911
   11.0986
    3.6437
   10.1198
   10.2354
   21.0332
    5.8081
    4.2872
    6.8871
   24.2744
    4.9316
   10.7750
   36.3684
   22.6732
   13.7326
    5.6107
    2.1065
    8.6467
   17.4130
    2.3676
    6.3121
   14.2198
    9.2926
    2.4466
    3.5183
   11.8814
    2.6738
    2.6651
    1.9040
   23.6485


variance =

    0.2562    0.4695    0.5987    0.7134    0.8100    0.8970    0.9499    1.0000


ans =

   -0.8271    0.3436   -0.5601   -0.7982    1.5691    1.7310   -0.7999    0.8826
    0.3088   -1.6088   -1.0180   -1.8358   -0.8247   -0.3799   -0.4233   -1.0819
    1.0213   -0.1939   -0.7431    0.0714   -0.1584   -0.5547   -0.6872    0.6379
   -1.3552    1.3591    0.6017   -0.2604   -1.3549   -0.6637    0.2709    0.2761
    0.9120   -0.4897    0.2421   -0.7259   -0.4362    0.3481   -0.6646    0.5956
   -1.1209   -0.8670    0.9803   -0.4103   -0.0317   -0.4866    0.2395    0.3720
   -1.1124   -0.0922   -0.5182    0.1514    1.1495    0.5590   -0.6175    0.0459
   -0.2666    3.0447    0.5655   -0.0399    0.0872    0.7285    1.3069   -0.7611
    1.2953   -0.2730   -0.0911   -0.9871    1.5277    0.8633    0.5699    0.5336
   -1.6412   -0.2036   -0.0992   -0.1398   -0.8899    0.2490   -0.2081    0.3174
    0.3421   -1.2341   -1.0334    0.2992   -0.3054    1.3720   -0.3423    0.3325
   -0.2520   -1.1849    0.4854    0.2223   -0.1023   -0.3883    0.2446   -0.8458
   -1.0725   -0.9958   -0.2984   -1.2509   -0.4962    0.7759   -0.1473   -0.4863
   -0.0585   -1.3445    0.5795   -0.5819   -0.4259   -0.7347    0.3392    0.3684
   -1.0146   -0.5140   -0.0045   -0.1828    1.6923    0.6907   -0.4262   -0.1948
   -0.5152   -0.1521    0.6726   -0.8984   -0.3180    0.3966   -0.3439    0.0172
   -2.1899    0.0012   -0.0345   -0.6943    0.2977    0.4718   -0.5992    0.1178
   -0.3838    3.2461   -0.0498    0.2538   -0.3420    0.4926    0.8710   -0.4222
   -1.5571   -0.6103   -3.5183    0.2920    1.1121   -1.6990    0.6011    0.1951
    0.7800   -0.7437    1.8925    0.2535   -0.4001   -0.2715    0.0948    0.4680
   -0.4208   -1.3141   -0.9464   -0.1869   -1.2536    0.7645   -0.4898   -0.8653
    0.1689    1.9184    0.1219   -0.5186    1.1921   -0.5520   -0.3206   -0.3319
   -1.7463   -0.9584    0.3419   -0.3274   -0.0603    0.9477    0.3239    0.7620
   -4.9894   -0.2957   -2.0740   -0.6254   -2.1801    0.0023    0.2429    0.7165
   -1.6169   -0.5995    1.0113   -0.5207    0.0810    0.2081   -0.1012    0.1636
    2.1131   -1.5810   -2.0799    3.2490    1.6803   -0.2012   -0.1074    1.3093
    2.1978   -1.2811   -0.4832    1.6061    0.2048   -0.1044   -0.1358   -0.3997
    1.0793   -0.1430   -1.6558   -0.6826    0.1328    0.0785    0.1159    0.1085
   -0.6607   -0.2259    3.1282    1.3594   -1.0936   -1.1997    0.4479   -1.2831
    1.1880    2.0454    1.1586   -0.3610   -0.3137   -0.9036   -0.7802    1.1151
    3.1615   -1.6122    0.9703    0.6824    1.0128   -0.5275   -1.1393   -1.2200
    1.7128    0.3293    0.4336   -0.1852   -0.9468   -1.0022    0.4345    0.6161
    0.4835   -2.1353    0.7524    0.2278    0.1352   -0.8065    0.3821    0.3246
   -0.0136    0.7503   -0.8680    0.6686    1.4553    0.5096   -0.7286    0.1344
    0.4472    2.0188   -0.5438   -0.0815    1.0888   -0.6226   -1.5192    0.3119
   -1.0472   -1.1913    0.4419    0.2187   -0.1500   -0.0611    0.1321   -0.0147
   -2.6895   -0.0916   -1.9892    0.5470   -0.6420   -2.0967    0.2302   -0.4934
   -0.9375   -0.5801   -0.1687    0.6437   -0.0195    0.9273    0.0160   -0.3225
   -2.2864   -0.4593   -0.1130   -0.5333    0.5117    0.3783   -0.2282   -0.1342
    0.2711    1.1928    1.0481    0.4287   -0.2212   -0.4871    1.1471   -0.1539
    0.4324   -1.6018    0.2076    0.5009   -0.4073   -0.4695   -0.2402   -0.5361
    0.5531   -0.3851    0.7909   -0.5111   -0.3724   -0.3527   -0.1751    0.8054
   -0.1211   -1.3239    0.0686    0.1000   -0.1165   -0.8928   -0.0301   -0.3049
    2.3909    1.9066   -1.3724    1.8401   -1.0044   -0.0546   -0.6243    0.3113
   -0.1944    2.0070    0.0625    1.8001   -0.1646    1.2386   -1.7167    0.1265
   -0.0139   -0.4017    1.9642   -0.2723    0.2886   -0.1906   -0.5252   -0.4844
   -0.0454   -0.3306    1.2590    0.2829   -0.0454   -0.8591   -0.2477    0.3964
   -0.2218   -0.4299    0.2741    0.7968    1.8943   -0.2033   -0.9582   -0.7649
    1.4178   -1.3512   -0.8063   -1.5446   -1.2774    0.9455    0.0034   -0.2143
   -1.0921   -0.0266   -1.1975    0.0500    1.2436    0.1628    0.0160    0.0359
    0.4704    0.1096   -0.0290   -0.3853   -0.1757    0.6021   -0.3199   -0.6548
   -0.6351   -1.2549   -1.3446    0.8267   -0.3467    0.8907   -0.6547   -0.7651
    0.7181   -1.3565    0.2723   -0.2151    0.0446    0.3509   -0.1154   -0.4302
   -0.3562    0.1065    0.3793    0.5441   -0.3532    0.3302    0.3353   -0.7009
   -0.7034    0.3453    1.4962    0.1991    1.3008   -0.6885    1.2349   -2.0845
    1.0578   -1.5840    1.3090   -0.8131   -0.2648   -0.3974    0.1842    0.4066
   -1.0771    1.4594   -0.2231    0.6952    0.1675    1.0649    1.2650   -0.6574
   -0.8363    0.4692   -0.0034   -0.0419    1.0226   -0.2601   -0.5475   -0.3823
   -1.7371   -0.2958    0.2647   -0.5864    0.8832   -0.0126   -0.5010   -0.3299
   -1.7674   -1.7965    2.4812    1.2845   -1.1897   -0.5578    0.4453   -0.7016
    1.3749   -1.9109   -0.1776    0.3732    0.0309    0.6138   -0.1180   -0.1775
   -0.1817   -1.0410   -0.2357   -0.1554    0.1530   -0.1777    0.1908   -0.1892
    2.7784   -2.0519    0.2504    0.3266    1.4112   -1.1220    0.3560    0.7627
   -0.1088    1.3902   -1.1476   -0.9911    1.5059    0.2001   -0.8857    0.8680
   -2.1443   -0.3698   -0.3987   -0.7671   -0.2339   -0.2489   -0.1419    0.6247
   -0.2531   -1.6776   -0.4042    2.4391   -0.4069   -0.3508    0.0219   -0.2169
    0.7257    3.3367   -0.0219   -0.7644   -1.5915    0.4591   -0.2495    0.5718
   -0.7697   -1.1402    0.0276   -0.3600   -0.0889   -0.6369   -0.0224    0.2144
    0.8227   -1.1471   -0.0373    1.1588   -0.7062   -0.5091   -0.2071    0.5794
   -2.2534   -0.4255   -0.2232   -0.0771    0.4373    0.8259    0.1246   -0.2199
   -2.3054   -1.4339    2.3431    0.9509   -1.0821    0.1464    0.0944   -1.1501
    0.6416    0.1835    0.4041    0.4926   -1.4388    0.0665   -0.6738    0.7328
    3.1144    1.7004   -1.4428   -0.9079   -0.4712    0.0644    0.2848   -0.1027
    0.9730    1.3247    1.5329   -0.3555    2.2985   -0.0522   -0.6660   -0.9012
   -1.0847    1.9118   -0.2478    0.1103   -0.3480   -1.0370   -0.4196   -0.4093
    0.9169   -1.3683   -0.2640    1.7683    0.5767   -0.7713   -0.0293    0.9499
   -0.7354   -0.6210   -0.2547    1.1404    0.3274    0.5822    0.6323    0.2038
   -0.5559    2.1798   -0.5235    1.1089   -0.0458    0.7209    0.8921   -0.5374
   -0.6034   -1.3298   -1.0040    0.7064   -0.5466    0.5148   -0.1541   -0.0862
    3.3183    0.1298   -0.6468   -0.2878   -0.8530    0.4144   -0.5313   -0.0195
    1.2381   -1.4770    0.7720    2.1923    0.2607   -0.8851    0.4996   -0.4866
   -1.8910   -0.3958   -0.0664    0.5279    0.4062    0.2411   -0.5018   -0.4517
   -0.1519    2.4882    0.4739   -0.4498    0.5800    0.6115    0.0881   -0.2123
    1.0010    0.9104    1.0397    0.0379   -0.1873    0.1054    0.0633    1.3721
    2.3268    0.4935   -0.2993   -2.2529   -1.8677    1.2754   -0.5454   -1.4734
   -3.1539   -1.4507    1.7239    0.4950   -1.4725   -0.6042    0.5071   -0.8880
    1.1672    0.0636    0.8339   -0.5521   -0.1794   -0.0133    0.1261    0.7914
    0.4184    0.7130    0.1994   -0.7165    2.3057   -0.9754   -0.5324   -0.5387
    3.4765    1.1550   -2.1059   -1.4373   -2.3182    0.6665    0.4553   -0.8214
   -1.7975    1.1594    1.0127   -0.4220   -0.2531    0.6563   -0.5527   -0.3080
    1.0069   -1.7285   -1.3526   -1.0634    0.7149   -0.5311    0.1651    0.7607
    2.4659   -0.5529    0.5890   -0.7168    0.3999   -0.3989    1.3717   -0.2340
    0.1899    0.7328    0.3869    0.1152   -0.1310    0.2196    0.3266    0.6092
   -0.3655    2.5795    0.3134    0.9823   -1.4747    0.0326    0.4018    0.1843
   -1.4706   -1.0867    0.4225   -0.6143    0.1651    0.1218    0.5012    0.6187
   -1.5661   -0.1606   -0.6468    0.7073    0.6853    0.8575    0.3019   -0.3286
   -0.0478   -0.9653    0.4082   -0.0872    1.2237    0.6883    0.0129    0.8380
    0.8186   -1.1041    0.0592   -0.3819   -0.0787    0.2834   -0.2803   -0.4731
   -1.8710   -0.4723   -0.1815   -0.6601    1.0372    0.8635   -0.1939    0.0638
    1.8615    0.3330    0.4944    0.4271   -1.4934   -0.7359   -0.1127   -0.5537
   -1.4038    0.0027   -0.1187   -0.8141    1.0538   -0.8804   -0.3737   -0.3819
   -1.5173    0.7951    0.0826   -0.1961    0.2082    0.2715   -0.5344   -0.1225
    0.9392   -1.6567    0.9276    0.8549   -0.1786   -0.8289    0.2922    0.6265
    2.0152    1.1714   -0.5183   -0.7586   -0.9971    0.7694    0.9596   -0.8783
    1.0351    1.3512    1.7429   -0.2890   -0.5454   -2.3241   -0.2070    0.4350
   -0.0311   -0.4558   -0.6995    1.3292   -1.4072    0.1894    0.7212    0.1241
   -0.9438   -0.7782   -0.4361   -0.2099   -0.5128   -0.7480   -0.0365   -0.1794
    0.2060   -0.1122    2.0496   -0.1037   -0.7335   -0.4987    0.3679    0.1729
    0.3021    1.5441   -1.1415    2.9235   -0.8624    0.5710   -0.2235    0.5806
   -1.3744   -0.8620   -0.0646    0.5766    0.0036    0.3215   -0.0649   -0.3248
   -0.9047    0.2182   -2.7701   -1.1739    1.7062   -2.7704    1.2051   -0.2147
    1.1443   -1.1813    1.2286   -0.6563   -0.1618    0.0943    0.1656   -0.0197
   -1.3198   -0.6973    0.0396    0.1188   -0.1858    1.6529   -0.3588   -0.0117
   -2.2243    1.2424   -1.8407   -0.8127   -0.6756   -2.6395    0.0434   -0.0694
    0.8624    1.3368   -0.4057    0.7681    0.3431    0.2431   -1.2328    1.2809
    0.3219   -0.8693    0.1611    0.1535    0.1030    0.0266    0.5186   -0.0561
    0.7003    0.0378   -0.2061   -0.1386   -0.1434   -0.2861   -0.7646    0.0529
   -2.0168   -1.4474   -0.9677    0.4220   -0.4865   -1.1404    0.2551    0.0728
   -0.2861   -0.6909   -0.8764    3.6687   -0.2015    1.1345   -0.3297    0.2212
   -0.7626    2.2968   -0.9445   -0.9636    0.3860    0.2704    0.5214    0.3746
    0.7695   -0.9361    0.9225   -0.6916    0.2498   -0.3873    0.2898    0.1158
    1.7621   -0.9889   -1.0570    0.0505   -0.4274    0.7773   -0.4139    0.3079
    0.7261   -1.5083   -0.0071   -0.3773   -0.0870    1.1831   -0.0932   -0.2667
   -0.4191    1.9910   -0.0490   -0.8731    0.6629   -0.6912   -0.4382   -0.0890
    1.2783    0.4622   -0.2442   -1.2222   -0.7025    0.0022   -0.0705   -0.2549
   -0.0353   -1.7065   -1.1681   -1.3096   -0.6012    0.8432   -0.2240   -0.5672
    2.2576    0.4323   -0.0385   -0.5142   -0.2669   -0.6551   -0.7863   -0.1336
    0.7486    3.2319    1.4865   -0.2770    0.6892    0.0409   -0.7410   -0.5699
   -0.2208   -0.9382    0.2184   -1.3939    0.0774    1.2080   -0.3718   -0.2668
    0.6252   -0.7735   -0.3281   -0.2697   -0.2943    0.3701   -0.3923   -0.2312
   -0.3667   -0.9998   -0.7713    0.3852    0.0334    0.1869   -0.4573   -0.0040
    0.1452    2.3315   -0.5337   -1.0789    0.9955   -0.5961   -1.1717    0.5605
    0.0530    3.1914   -0.8197   -0.5252    0.5348    0.5580    1.3187    0.0227
    0.4940   -1.4230    0.0977   -0.1070   -0.1876    0.2551   -0.0290   -0.3519
    1.4269   -0.9278   -0.0025    0.2277    2.4366    0.1955   -0.2193    0.8542
    0.3935    1.3391    0.2957    0.5809   -0.4918    0.2371    0.7718    0.8118
   -1.3766   -0.6389    0.0786   -0.7734   -0.6497   -0.0946   -0.1206    0.0456
    0.0977    3.3629   -0.1085   -0.8027    0.3165    0.3911   -0.1649    0.3256
    0.7470   -1.4618   -0.1934   -0.5344    1.0100   -0.5058    0.0623   -0.2576
    0.6974    3.0392   -1.4145    2.6870   -0.1468    0.6047   -0.3729   -0.0919
    1.1083    0.5163    1.1053   -0.4490   -0.0406   -0.2055    0.3378   -0.2519
    1.4359    1.2654   -1.1123    0.2288    0.8211   -0.4975   -0.1218    1.4925
    1.0128   -0.7712    0.3720   -0.1982    0.2724   -0.7331   -0.0492   -0.3957
   -1.7026   -1.0193   -0.0028   -0.3740   -0.7049    1.0379   -0.0364    0.2928
    1.4034   -1.5793    1.1661   -0.1859    1.2093   -0.3567    0.5630    1.4459
   -0.3702   -0.6381    1.4788    0.1310    0.0401   -0.6994    0.2121    0.1207
    0.0241    0.0377   -0.2113    1.3397    1.5654   -0.7888   -1.0040   -0.8273
    0.9815   -0.9546   -1.4786   -1.9664   -0.5611    0.7283   -0.9393   -1.0686
   -0.0580   -1.6768    0.0480   -0.5418   -0.2944   -1.2274    0.7577    0.9016
   -0.7019   -1.4044   -0.0885   -0.1089   -0.1999    0.4849    0.1453   -0.1391
    0.4017    1.4653    0.1124    0.7663    1.1993   -0.2580   -0.9061   -0.4884
    0.6998   -0.1083    1.3770    1.0858   -0.1499   -0.1171   -0.5348    0.7873
   -0.3398    2.3221    0.4096   -0.5878    0.5788   -0.1481    0.6648   -0.6318
   -0.5127    0.9880    0.8945   -0.0632    1.2475    0.9979    0.8085   -0.8942
   -1.6901    1.4511   -0.2608    1.6711   -0.6539    0.7342    2.6521   -1.5938
    2.3158   -2.0282    1.2175    1.5667    0.1455   -0.4041    0.7641    0.1437
    0.6253   -1.9411    0.2408   -0.3806   -0.7083   -0.4445    0.3467    0.1498
    0.6812    0.1854    0.0690   -0.1800   -1.4948   -0.7381    0.4248   -0.5445
    0.9347   -1.5475   -0.6936    0.5522   -0.5970   -0.6969    0.2770    0.2639
   -1.6871   -0.9562    0.0463    0.0556   -0.6590    0.8677   -0.0750   -0.3657
   -1.3947    0.6814    0.7879    0.1731    0.3353   -0.1092    0.3752   -1.1056
   -1.5573   -0.3185    0.3273   -0.3705   -0.4275    0.9229    0.1023    0.2392
   -0.6465   -1.1453   -1.3783    0.0438    0.2239   -0.1242   -0.1061    0.3968
   -1.7796   -0.5313    0.1782   -0.2751   -0.4417    0.1133   -0.3950   -0.1811
    0.6256   -0.3001    1.0737   -0.3221   -0.5971   -0.6685    0.2236    0.5423
    2.4309   -1.8469    0.0396   -1.5325    0.8108   -0.4217    0.1965   -0.1703
   -0.1586   -0.9545    0.7990    0.1780   -0.5672   -0.2867   -0.4845    0.1176
   -0.4820   -0.8697    0.4042    0.7265    0.1203    0.3885   -0.4199   -0.3082
   -0.4998   -1.0651    0.0119    1.3017    0.9691    0.7887   -0.2926    0.1472
   -0.9403   -0.5259   -0.8901    0.2750   -0.0838   -0.2493   -0.4181   -0.2901
   -0.7096   -1.0544    0.3463   -0.7197   -0.0117   -0.4098   -0.2846   -0.6198
   -2.8883   -0.5556   -0.0246   -0.1106   -0.1606    0.6077   -0.1404   -0.2563
    0.6714    1.6378    0.5686    0.7735   -0.1205   -0.4442    1.5376   -0.1934
   -1.5704   -0.4036    0.7842   -0.4201   -0.4354    0.0405   -0.3919    0.6285
    1.1116   -2.0756   -0.6064   -0.1773   -0.3434   -1.0660    0.2658    0.0991
    1.5926   -2.0834    0.0129   -0.9871    0.0569   -0.3406    0.1961   -0.3167
    0.7570   -1.1200   -0.3501   -0.2228   -0.1576    0.5048   -0.3833   -0.3061
    1.2398   -1.4147    0.4291    0.4867   -0.8343    0.4043    0.1647    0.0057
    0.3116    0.0646   -0.6244   -0.9597   -0.5026   -0.1224    0.3826    0.3662
    1.0793    0.7238    0.9054   -0.6462   -1.2070   -0.2291   -0.7136   -0.0688
   -0.4127    0.0571   -0.1932    0.8368    1.6169    1.2013    0.0305   -0.4037
   -1.0992    2.0144    0.9138    0.1928   -0.5919   -0.4883   -1.3214   -0.4499
   -0.7372    0.3547    1.4061    0.3158   -0.1372    0.4425    0.0824   -0.0975
   -0.4545    1.1987    1.6682    0.3710   -1.0389   -0.5836   -0.3519    0.0504
   -1.7554    0.1104   -0.4894   -0.4414    0.5839    0.6270   -0.6631    0.3284
   -1.0092   -0.9039    1.1215    0.0788   -0.6166   -0.1551   -0.1259    0.0378
    1.7373   -0.4955   -0.1606    0.2333   -1.4033   -0.0787   -0.2558    0.1841
   -1.5981   -0.9967    0.1604   -0.3692   -0.3270    0.4002    0.0537    0.0879
   -0.7934    1.4972   -0.1777    1.3735   -0.1992    0.6785   -1.1254   -0.0768
    0.4112    2.4820   -0.1289    0.3555    1.0423    0.9969    1.1166   -0.4955
   -0.0901   -1.8864    1.7414    0.5290   -0.6195   -0.0878    0.3377    0.5558
    1.0906   -0.8344    0.4256   -1.4174   -1.2460   -0.1477   -0.6326   -1.1482
    0.1766   -1.7519    0.3556    0.4676   -0.0464   -0.3558    0.4159   -0.1243
   -1.2656   -0.4995    0.4058   -0.2659    1.4532    0.4445   -0.2103   -0.5230
    1.5603    0.7337   -0.4964    1.0523    1.2369    0.7532    1.4392    0.6856
   -0.8471    0.7110   -0.5343    0.8016    0.6134    0.2512   -0.3180   -0.2853
   -0.9854   -1.1331    0.8461    0.8136   -0.3098    0.8977   -0.0774    0.1125
    0.0032    2.4273    0.0243   -0.8716    0.9261    0.5163   -0.0952    0.1730
   -2.0855   -0.7682   -0.1271    0.2045   -0.0679    0.3683   -0.0021    0.1438
    1.5840   -0.8672    0.0231    2.3187    0.3016    1.3006    0.2638    0.7173
    1.1180    0.4939   -1.3027   -0.4517   -0.9244   -0.4302   -0.1152    0.6161
    1.5629    0.3481   -1.0149    0.2824   -0.8021    0.5305   -0.2217    0.4112
    0.5960    0.3200   -1.1143   -1.1754    0.3030    0.5974   -0.3484    0.1732
   -0.7495   -1.1415   -0.9086    2.3084   -0.3720    0.6714   -0.1641   -0.1549
    0.0219   -1.6105   -1.0455    0.4029   -0.3651    0.2516   -0.2032    0.2413
   -0.0007    0.0768    0.1940   -0.4674    0.0208    0.6272    0.2068    0.3143
    0.4142   -0.4906   -0.3392   -0.6089   -0.7288    0.0106   -0.4270    0.8191
    0.6960   -1.2259   -0.4288    0.2721   -0.1347   -0.0427    0.3261   -0.1656
   -1.7680    0.7369   -3.0581   -1.4576    0.5662   -1.8976    0.4996    0.7103
    1.5219   -1.8071    0.7779   -1.3204    0.0572   -0.0718    0.1824   -1.2015
   -0.7468    2.3824   -0.4182   -0.3100    0.2344    0.7617    1.4156   -0.2851
    0.0832    0.4932    0.6208    1.2511   -1.1085    0.1023   -0.3913   -0.0958
   -0.2369   -0.7850    0.3247   -0.4188    0.1702   -0.0993   -0.0561   -0.1827
    2.1340   -0.5211    0.1819   -0.9223   -0.0879   -0.0000   -0.5237    0.4178
    2.1967    0.7194    0.2744    0.1694   -0.7925   -0.5682   -0.3742    0.8567
   -1.0375    1.9100   -1.6810   -0.7541    0.6494    0.6218    2.5955   -0.0874
    1.5517    0.8723    0.0920    0.2461    1.1522    1.7244   -0.0820    1.7320
    0.4846   -1.3293    1.4094   -0.8307    1.2517   -0.5884    0.2759   -0.1331
    2.2484    1.6062   -0.8814   -0.5396    0.0921    0.3974    0.0445   -0.0536
   -1.3239   -0.2530    0.6499   -0.4171   -0.3732    0.7447   -0.7149    0.2473
   -1.1184   -1.2607    0.6704   -0.6120   -0.3518    0.2483   -0.0048   -0.1537
   -0.8351   -0.5953    1.1560   -0.5124    0.7692    0.7082   -0.0589    0.3166
   -0.8269    1.3344   -0.2231   -0.5685    0.7942    0.5484    0.1438    0.0054
    0.7759    2.0220   -0.7271   -0.9144   -1.0749    0.0886   -0.2505    0.7324
   -0.7060    0.5762   -0.2994   -0.0319   -0.5239    0.9342    0.0818   -0.0482
   -0.9854   -0.9867    0.6021   -0.4825    0.2842    0.3205    0.1128    0.8767
   -0.4731    1.0386    0.6606   -0.2025    1.0561    0.2552   -0.6016   -0.4066
   -1.4007   -1.0899    0.8351   -0.2706    0.0893   -0.0846    0.1375    0.3168
   -1.1222   -0.8961    0.4950    0.0884    0.1346   -0.1172   -0.1448    0.4218
   -1.6811   -0.0261   -0.7413    0.0250    0.6121    0.0951   -0.1499   -0.1050
   -0.1793   -0.6207   -0.5292    0.4892    0.4455    1.3443   -0.6829    0.6856
   -1.4253    0.9032    0.2628   -0.4704    0.3379    0.5025   -0.5639   -0.0236
   -0.6656    1.2451    0.3070   -0.4303    0.8472   -0.1146   -0.1578   -0.4202
    3.0521    1.6961   -0.6044   -1.0442   -1.0076    0.7112    0.4000   -0.1575
   -2.5726   -0.8108   -0.3586    0.5259   -1.2158    2.8281    0.2392    1.6099
   -0.8015   -0.5706    0.8616    0.1861    0.5572    1.0788   -0.0861    0.3689
    3.0096   -2.0130   -1.6764    0.7022    0.3326    0.6245   -0.6665    0.2306
   -0.4129    1.5309   -0.1393    1.2634    0.6803    1.2564    1.9834   -1.1360
   -0.4075    1.0977    1.1458    1.2612   -1.0631   -0.6350   -0.0225   -0.2685
   -0.8144   -0.1702    0.1724   -0.3727    0.5427    0.5386    1.0289    0.3791
   -1.1364   -0.6963    0.7590    0.2747   -0.3584    0.1651    0.7914    0.3350
    2.2412   -1.4307   -1.5351   -1.4072    0.9023    0.0960    0.0773    0.0448
    2.6885    0.4307   -1.7522   -1.4588   -2.0981    0.1327   -0.4752   -1.4474
    0.2942   -0.0482    1.5545    0.0404   -0.0299   -0.5325    1.0037    0.3142
    0.8895    2.8193    0.7673    0.6447    0.5879   -0.9168   -1.6764   -0.5206
   -0.1397   -1.4659   -1.5544    3.3063   -0.8699    0.1460   -0.4250   -0.5046
   -1.2111    0.1508    0.5730    0.1302   -0.8201    0.0991   -0.1346    0.2861
   -0.7071   -1.1368    1.5506   -0.4698    0.3002   -0.0360    0.0844   -0.0467
    0.5373   -0.1175   -0.5413   -0.7493    0.0062    0.5158    1.1283    0.2917
    3.4342   -0.0401    0.0237    0.0260   -0.5685   -0.6084    3.3648    3.5287
    0.7201    0.5304   -1.1733    1.5882   -0.4401    0.5924    0.3242   -0.3525
   -2.2087    0.0856    0.3216    0.3111   -0.1308    0.8294   -0.4529   -0.3143
   -1.8715   -0.1950   -0.2724   -0.1650    0.5771    0.2779   -0.3849   -0.1321
    0.0364    1.8764   -0.4122    0.8237   -1.4001    0.5154   -0.0040    0.6031
   -2.2942   -0.2885   -2.1282   -0.7332    0.2977   -2.4153   -0.2616    0.0378
    1.1396    2.2359   -0.0815   -1.2299    2.1376   -1.1194   -0.6123   -0.0781
   -0.9263   -0.5392    0.7216    0.2632   -0.5854   -0.1122    0.5824   -0.3684
    3.5977   -2.2212   -0.5860   -2.5807   -0.2138    0.8868   -0.2257   -0.9564
    0.1440   -1.6040    1.1660   -0.4299    0.0169    0.1503    0.4559    0.2601
   -0.4789    1.8727    0.0778   -0.3938    0.5016   -0.3245   -0.6349   -0.1206
   -0.2119   -1.3525    0.9984    0.2337    0.6070   -0.4677   -0.0201    0.1280
   -1.1862   -0.4415    0.4504    0.8435    1.1023    0.6687   -0.0745   -0.8842
   -4.3740    0.6248   -2.5982   -0.9200   -2.1399   -0.1404   -0.1132    1.2605
   -1.1692   -1.0071   -0.6692    0.7675   -0.4355    0.1806   -0.3809   -0.2697
   -0.2689    1.2311    0.0621    0.0070    1.2167    0.3317    0.4183   -0.5496
    1.3739    2.1304    0.8054   -0.0971   -1.8569   -0.9256   -1.1329   -0.5737
    0.7242    2.0035   -0.2169   -0.6399    1.7437   -0.1766   -0.6099    0.0975
   -1.3680   -0.4232    0.0781   -0.3792   -0.7535    0.4907   -0.0753    0.2151
   -0.2743    0.0179    0.5032    0.1842    0.2383    1.1243   -0.4326   -0.2741
   -0.3880    1.6951    0.4950   -0.5987    0.9317    0.0364    0.2324   -0.5184
   -1.4383   -0.2334    0.5280   -0.3994    1.2367    2.0107   -0.4558    0.1233
   -0.5692    1.2616   -0.4411    1.5882    0.0494   -0.0889   -1.1772   -0.2944
   -1.2446   -0.4696   -0.5279    0.6171   -0.3053    0.5667   -0.5068    0.2174
    0.1840    0.2966    0.3555    0.8298   -0.0607   -0.1602    0.0391    0.6131
   -0.4522    1.6170   -0.7526   -0.4434    0.7769   -0.1093   -0.6644    0.3521
   -1.9866   -0.3001   -2.9658    0.3602    0.3071   -1.9200   -0.0122    0.1395
    3.5175   -0.1045   -1.5425    0.8371    0.7044    0.1962    1.5791   -1.0729
    1.3574   -1.1558    0.5440   -0.4209    2.1248   -0.9644    0.3705    0.6872
   -1.3237   -1.1410   -0.9584   -0.3876   -0.0655    0.8299   -0.0639    0.1352
   -0.0837   -0.6730    0.2788   -0.7889   -0.3157   -0.3563   -0.4105    0.1228
   -0.1295   -0.6018    0.5847   -0.1259    0.7474   -0.4285    0.1549    0.4508
    0.6466   -1.5666    1.0970   -0.7022   -0.2331    0.1680    0.2802    0.4104
    2.4910    0.7922   -0.3781   -1.1466   -0.3025    0.5141   -0.7753    0.7229
    1.7902   -1.5845    0.9943   -0.0773    0.4748   -0.1456    0.0062   -0.3361
    2.8789    0.8296   -0.5143   -0.1211   -1.3982   -1.1008   -1.3114    0.0621
   -2.5080   -0.6850   -0.1136   -0.8092    0.5733    0.1577    0.0442   -0.2456
   -0.3635   -0.6536    0.7164    0.8526   -0.2271   -0.3144   -0.3066    0.5950
    4.4532   -2.7743   -0.8562   -2.4255   -0.2969    0.6978   -0.9664   -2.7436
   -0.2525   -1.1597    1.4509   -0.1492    0.7790    0.1812    0.1857   -0.2497
    1.6174    1.0745   -1.0882   -0.2571   -0.3231   -0.0218    0.3981    0.1228
    0.0639   -1.1783    1.1472    0.6712    0.0059   -0.8238    0.4337    0.4798
   -0.8891    1.9720    1.4152    0.2672   -0.3521   -0.4205   -1.0242   -0.8359
   -1.6251    0.0167   -0.9743   -0.3482    0.7279    0.1515   -0.6409    0.3511
    0.0915    0.6409    0.7829   -0.7714   -1.3678   -0.6907    0.7982   -0.3057
    1.3520    0.9567    0.5637   -0.3621   -1.1500   -0.5500    1.0170   -0.8957
    2.2260   -1.8344    0.7474   -0.1224    0.1043   -0.1598    0.5327   -0.5815
    2.2841    1.1727   -0.8788    1.3766   -0.4888    0.3561   -0.8689    0.3200
   -2.1893   -1.2235   -0.0254   -0.0696   -1.0689    0.2258    0.1884   -0.1699
   -1.1722   -0.3357    0.4585   -0.0506   -0.7457   -0.3288   -0.0301    0.0067
   -1.1530    1.2054    0.5084   -0.2074    0.1987   -0.0113   -0.8855   -0.2445
    2.0033   -1.6759    0.1229   -1.4165    0.3507    0.3088    0.1760   -0.3251
   -1.6898   -0.6517   -0.4694   -0.7776   -0.0372    0.4270    0.1370    0.3221
    1.7270    1.3304    1.0144   -0.2296   -0.5391   -0.3547    0.2730    0.1126
   -0.8931    2.1331   -0.1138   -0.5067   -0.0999   -0.1945   -1.0816    0.2916
    1.1723    3.3399   -0.3901   -0.7412    1.5863    0.5640    1.0516   -0.0488
    2.5582   -1.6431    1.3668   -0.6620    0.2866   -0.4643    0.4369   -0.4470
    1.8209   -0.6423   -0.8558   -1.5051   -0.5322    0.3330    0.0142   -0.5648
   -0.6253   -1.2380    1.3486   -0.2728   -0.1057    0.1376    0.2686    0.3344
   -3.7774   -1.0514   -1.6514   -0.0356   -0.7107   -1.3384    0.7519   -0.5019
   -1.4166   -1.2006    0.5490   -0.2648   -0.0277    0.4131    0.4333    0.7272
    1.4283   -0.5551   -0.5637   -1.1890   -0.4598    0.3751   -0.5360   -0.5708
   -1.1303    1.4636    1.2416    0.7233   -0.2859   -0.2353   -0.2940   -1.1886
    0.3126    0.9465    0.6298   -0.7681   -1.2360    0.0041    0.0316    1.0945
   -0.7756    0.0401    0.4701    0.1436   -0.5209    0.3370   -0.2835    1.0317
   -1.2055   -1.0400    1.2528   -0.1875   -1.0334    0.3182    0.2835    0.1199
    4.4452   -2.4408   -1.4973    4.7300    2.1681   -1.1896   -0.1322    1.3081
    0.3701    1.0152   -0.2979    1.4472    1.3046    0.0131   -0.6209   -0.5933
   -1.3858   -1.3458   -2.5934    3.0016   -1.5544    3.0467   -0.2530    1.3443
    0.4317   -0.6019   -0.0046   -0.1924   -0.8014    0.2158    1.0950   -0.8392
   -1.5122   -0.9554    0.0190    0.3162   -0.7434    0.7673    0.3209    0.5009
   -1.0583   -0.2296    0.7512   -0.3611    1.4561   -0.0263   -0.1881   -0.8014
   -2.5608    1.0617   -2.0140   -0.7623   -0.8390   -2.1692    0.1849    0.0917
   -0.4762    2.7430   -0.6322    1.3828   -0.5497    0.4991    0.4209   -0.3841
   -0.5817   -0.8400    0.2664   -0.4870    0.6097    0.5705    0.2325   -0.0135
   -0.6697    0.8153    0.2878   -0.5071    1.1803    0.5965   -0.5813   -0.0383
   -1.6929   -1.0985   -3.0126    0.8337    1.0162   -2.0920    0.2880   -0.2950
   -0.2508   -1.3169    0.0991    0.2232    0.6538   -0.5886    0.0817    0.7612
    1.6915   -0.9587    1.4360   -0.1730    1.8660   -0.5249    0.2149    0.6831
   -0.6725    0.4727    0.0671    0.3228    1.0624    0.4162   -0.8203   -0.2107
   -0.5657   -0.6040    0.6840   -0.3753    0.2012    1.3491   -0.5313    0.3383
   -1.5918   -0.7933   -0.5692    0.2950   -0.2338    0.1265    0.2511    0.0799
    2.3518    1.4360    0.4431    0.8103   -1.0609   -1.0164   -0.4628   -0.1543
   -0.4224    0.0217   -1.2086    1.7880    1.0567    0.4014   -1.2943    0.0509
    1.3734   -0.9822    0.0493   -0.9761    0.1718    0.0578    0.0491    0.0319
   -0.3322   -1.3848    0.3533    0.4341    0.3515   -0.3425    0.1256    0.8057
    1.1157    0.4390    2.0313    0.1734   -0.4124   -1.5991    0.3288   -0.3372
   -1.0673   -1.0093    0.6186   -0.2932    0.1322    1.2481   -0.0912   -0.2366
    0.7473    2.3481   -0.7775    0.9241    1.3780    1.2105    1.6650   -0.5476
    2.1046    1.4507    1.1190    1.7724   -0.2774   -1.5445   -0.4938    0.3994
   -2.7423   -0.9757   -1.8395   -1.0188    0.5763   -2.1064    0.5938   -0.3235
    0.9574    1.5801    0.1904   -0.0448   -0.0469   -0.2594    0.1470    1.2181
   -4.9098   -0.5458   -2.3194   -0.3443   -1.9999    0.1500    0.3002    0.7331
    2.2062   -2.0085   -3.1352    4.1222    0.1546   -0.8481    0.2488   -0.4250
   -1.4634    0.5447    0.6420   -0.5065    0.6052    0.3056   -0.0595   -0.5142
   -0.2063   -1.0490    0.5233    0.5659   -0.6974   -0.0958   -0.1994   -0.1952
    2.5072   -2.4292   -2.7895   -0.4650   -0.5740    0.9383   -0.7530   -0.9510
   -0.0047   -0.6884   -0.2552    1.3952   -0.2698    0.1193   -0.2730   -0.1675
   -0.3511    0.0365    0.4182   -0.5607    2.0777    0.1104   -0.2180   -0.5160
   -1.3087    0.4370   -0.1189   -0.8221    1.0283    0.8903   -0.1395    0.1671
   -0.1840   -1.4357    0.6110   -0.6307    0.6517   -0.3244    0.5250    1.1564
   -0.2019    2.3144    0.8728    0.4081    0.2167   -0.1998   -0.0665   -0.9168
    0.7296    1.0198    0.3935   -0.8252   -0.2267    0.5088   -0.6627   -0.3381
   -0.7812    0.3401   -0.0036    0.3042   -0.8301   -0.2228   -0.3098    0.1192
    0.3059   -0.6793   -0.8991    1.0439   -1.6671    0.4821    0.0018   -0.0062
    0.9926   -1.8240    0.7031    1.6044   -0.3288   -0.8983    0.6697    0.2294
    0.4471    0.0562   -0.6310   -1.2200    0.5142    0.6335   -0.1419    0.4848
    0.2733    0.8222    1.3952    0.7177   -0.5802   -1.1082   -0.1102    0.0702
   -0.7109   -1.3363    1.2587   -0.0187    0.3344   -0.4521    0.6098    0.1227
   -1.2006    1.1555   -0.4665   -0.7986    0.7048    1.2456    0.1614    0.4199
   -0.3214    1.3212    0.8236    0.0274    0.9692    0.5034   -0.3540   -0.5491
    0.8943    1.7763    1.4095    0.3775   -1.7370   -1.2343   -0.1308    0.3569
   -2.1257    0.6695    0.5766    1.2870   -0.8675   -0.0145   -0.0855   -1.1107
    2.3037   -0.5602   -0.5785   -1.7892   -0.0882    0.2831   -0.2817    0.4161
    0.0063    3.0830   -1.0030   -1.3156    0.8524    0.9876    0.8865    0.6753
    0.9670    1.8904    0.9880    0.3645   -1.7965   -0.2312   -0.5669    0.2715
    1.8459    0.8923    1.0128    2.3762   -0.1909   -1.2341   -0.8703    0.2665
   -4.3923    0.6244   -2.5545   -0.5313   -2.3617   -0.2311   -0.4378    1.2135
    1.3072    3.4514   -0.0995    0.2053   -1.5362    0.0587    2.2291    0.3763
    2.0281   -0.5571   -1.8235   -1.2804   -0.6932    0.4340   -0.7136    0.3696
   -0.1726   -1.7450    0.3817    0.2480    0.0225   -0.1886    0.3423    0.3796
    1.0806    0.7976    0.5799   -0.2191   -1.2699   -0.7529   -0.0912    0.8888
    1.0774   -1.5783   -2.3967    2.0770   -0.9792    0.8480   -0.7073   -0.5486
   -2.4773   -0.2275   -2.5162   -1.0427    0.3550   -1.7756    0.4310    0.2815
   -0.1484   -0.3493    0.9293   -0.2229   -0.3674   -0.9850   -0.3912    1.1031
    0.1967    2.8212   -0.0976   -0.5069    0.8831    0.1352    1.4159   -0.5770
    0.6283   -0.2107   -0.4217   -1.1587    1.3767   -0.1733   -0.1618    1.7495
   -0.4250    1.9359    1.1057   -0.0482   -0.6398    0.9582    0.3721    0.3634
   -0.1797    2.5223    0.4649    0.6950    0.0240   -0.7039    0.4331   -1.1500
    1.6973    1.5783    0.2056   -0.3080    0.7241   -1.3342   -0.2330    0.9940
    0.7822   -1.6840   -1.1634    0.8365   -0.5990   -0.3434    0.3648    0.2240
   -1.6271   -0.0036    0.5735    0.3964    0.3310   -0.5636   -0.6374   -0.8967
   -1.3921   -0.6632    0.5468   -0.4991    0.2811    0.3643    0.1928    0.4182
    3.1671   -2.3711   -0.8751   -1.0534   -0.7607    0.8077   -0.6338   -1.0972
   -0.9715    1.4931    0.3552   -0.0829    0.5047    0.8657    1.2397   -0.7453
    1.6614   -1.1627    1.2494    1.9351    0.6324    0.3946    0.5904   -0.4675
    0.2963   -1.9229    0.8996    1.0427    0.0322   -1.3119    0.2900   -0.1114
    2.5967    0.0247   -0.7339    2.2698   -1.3312   -0.0707    1.2590   -0.4813
   -1.0206    2.9568    0.7387   -0.3937   -0.8398    0.1612   -0.9341    0.0119
   -2.1813   -0.4042    0.1649   -0.5060    0.4792   -0.4347   -0.2864   -0.5241
    3.7498   -1.1798   -0.8922   -1.3535   -1.7297    0.7406   -0.6920   -1.2052
   -0.5847    2.5540    0.4060    0.4324   -0.5817   -0.7033   -1.5796   -0.1985
   -1.1073    0.9827   -0.0450   -0.1310    0.4209    0.2681   -0.8765    0.0595
    0.1369    0.2459    1.0327    0.1375   -0.1891   -1.3255   -0.3336    0.4449
    1.1550    1.6579    0.5853   -0.7241   -1.4045    0.0885   -0.6067    0.8309
   -1.7088   -0.2891    0.4068   -0.6017   -0.2159    1.2425    0.2656    0.0723
    2.0954    2.1432    0.8944   -0.7432   -0.8246   -0.1391   -0.2764    0.2478
    3.1262    0.9160   -1.5461    0.5096    0.5198   -0.1588    0.4414   -0.3109
   -1.4476    3.3554   -1.2950    0.6202   -1.2498    2.9866    1.7291    0.6247
   -1.0893   -1.1166   -0.2488   -0.0521   -0.5529    0.9283   -0.2514   -0.3785
   -0.8703   -0.8287    0.1968    0.0635    0.4197   -0.1197   -0.2206    0.5426
    0.4519    0.4506    1.4247    0.0573    0.2797   -0.6107    0.2775    0.1595
   -0.1244   -0.9207    0.7474   -0.1689    0.2930   -0.5592    0.0175   -0.3204
   -0.6611    0.8369   -0.3710   -0.1997    1.0240    0.3917   -0.8769    0.2400
   -0.3589   -0.2088    2.4025    2.3280   -1.7546   -1.5163    0.6578   -0.9050
    3.3000    1.1363   -0.3773    0.8220   -1.4828   -0.1845   -0.1645    0.2919
   -1.7079   -0.1652   -2.8321    1.1646    0.3839   -1.9753    1.5117   -0.8177
   -1.0371   -1.0799    0.4738   -0.8012   -0.5004    0.1424    0.0667    0.7973
    2.3570    0.7536   -1.4212    1.0949    0.3546    1.0657    0.7601    0.1296
    0.3247   -1.0986   -0.6228   -0.6578   -0.1130   -0.1195    0.0295    0.5888
    0.6920    0.4023    0.7478   -0.4095    0.3366    0.6135    0.3791    1.4706
    1.1702    0.3114   -1.6930    3.4235    2.0967    0.6832    0.3316   -0.8513
   -1.6576    0.2903    0.1863   -0.7145    0.5767   -0.0360   -0.6551   -0.1191
   -1.0122    1.9945   -0.2054   -0.2851    0.2443    1.2435    1.2652   -0.2171
   -1.7996   -1.2591    0.8334    0.2917   -1.1873   -0.1016    0.1594    0.0069
    0.0465   -0.2024   -1.1355   -0.5404   -0.7259    0.4538   -0.4601   -0.6792
   -0.1217   -1.3704   -0.0084   -0.6879   -0.1592   -2.2769    1.1998   -0.1983
    2.2179   -0.4880    0.2601   -0.2116    0.3736   -0.9176   -0.7795    0.4917
    0.9735   -0.7117    0.2987   -1.3150   -0.2392    0.6572   -1.0400   -0.7765
   -1.8402   -0.5920    0.0793   -0.0964   -0.3348    0.9735    0.1228    0.1251
    1.2645   -0.4092   -1.1264   -1.3437    0.4568    0.2138    0.7757    0.3848
   -0.8123    1.2356    1.0751   -0.4815    0.6730    0.9119   -0.9490   -0.1175
    0.5103    0.0899   -1.5545    1.6877    2.1345    0.2553   -0.2368   -0.2604
    0.5180    1.7078   -0.9585    0.9122   -2.3006   -0.1373   -1.2943   -1.3748
   -1.3961   -0.8654    0.8376   -0.0250   -0.1578    0.5195    0.0902   -0.1865
    0.6006   -0.9999    0.7134   -0.9644   -0.3342   -0.6874    0.1789    0.1009
    0.1826    3.1518    0.6167    1.1073   -0.1056   -0.2506    0.9929   -1.3682
   -1.7131    1.0859    1.0893   -0.1911   -0.1988    1.3749   -0.9332   -0.0447
   -2.1397   -0.6466    0.5050   -0.4845   -0.1808    1.0745    0.0058    0.5469
    1.1891    0.2092    0.9196   -0.7337    0.3426    1.3461    1.0152   -0.2653
    0.4734   -0.2959   -0.7332   -1.2018    0.9212   -0.1525   -0.2270    1.0420
    0.6464    0.3319   -1.2797   -1.4094    0.8359    0.4927   -0.0445    0.5291
    2.3636   -1.1716   -0.2797    1.5491   -0.4714    0.2781    0.8780   -0.2378
   -0.1637   -1.4651    0.1919   -0.6614   -0.1073   -0.4183    0.2929    0.4583
   -0.1718    2.2181    0.0388   -0.0546    0.3076   -0.4227   -1.5133    0.1398
    0.5406   -0.3014    0.8704   -0.5510   -0.3387    0.4531    1.0282   -1.1281
    1.5239    2.3831   -1.3824    1.6244    0.5200    0.5947   -0.4878    1.0476
    0.3175   -1.0696    0.1232   -0.9895   -0.0542    0.0623    0.8129   -0.3354
   -0.2849   -0.9475    1.0234    0.0950   -0.1621    0.3197    0.4056   -0.2023
    0.2008   -0.3129    0.0112   -1.2409   -0.1779   -0.0308   -0.3726   -0.1891
    0.6779   -1.1246    0.9818   -0.4839    0.4581   -0.2344    0.4496    0.3455
   -0.6423    1.2167    0.3090   -0.1982    0.7831   -0.7169    0.0800   -0.7973
   -0.2593   -1.2921   -0.0236   -0.2015   -0.0552   -0.3965   -0.5127   -0.8786
   -0.2999    3.3045    0.5881   -0.0544   -0.5494   -1.0628   -0.6484   -0.5359
   -0.1768   -1.3067    0.5984   -0.7536    0.7641   -0.0676    0.4584    1.2119
   -0.8773   -0.5023    0.2234   -0.0932   -1.1333   -0.8609   -0.5331    0.4872
    0.7102   -1.9900    0.3645    0.2488    0.0994   -0.2332    0.0915   -0.2612
   -1.1358   -1.2023    0.2977   -0.7819   -1.0702    0.2895    0.2005    0.7762
    3.3609    1.8263    0.0248   -0.5550   -2.0702   -0.5171   -0.0941   -0.4894
    0.7771   -0.2373    0.5527   -0.2356    0.1933    0.7746    0.7142   -0.6327
   -1.1862    2.9551    0.4183   -0.0481   -0.9368   -0.0553    0.5624   -0.6085
   -0.4750   -0.5972    0.8160   -0.7463    0.1664    0.3470    0.7914    1.0985
    0.1647   -0.9046   -0.0914    0.5840   -0.8744    0.5818   -0.2355   -0.0174
   -0.1172    1.5949   -1.5756    0.2422   -1.4066   -4.0112   -0.1671    0.8199
    0.8606   -0.6861   -0.2981   -1.4591    0.4056    0.1682   -0.3172    0.9529
   -0.4841    1.0133    0.0825   -0.2591    1.3956    0.1088    1.5681   -1.0278
   -1.5332    0.5136    0.5114   -0.3647    0.4299   -0.3380   -0.2243   -0.6433
    1.6230    1.9104    2.2028    0.4308    0.0581    0.2314    1.8189   -0.1316
   -0.3641    0.7082   -0.9117   -0.8142    1.7430    0.6007   -0.4949    0.5894
    0.6168    1.9348    2.5021    0.4624   -0.9112    0.0817   -0.3576   -0.6267
   -1.2176    0.1072    0.6400   -0.0334   -0.1921    0.3240   -0.1890    0.3366
   -0.2982    2.2953   -0.0068   -0.7019    0.7057    0.4245    0.3488   -0.0782
   -1.4540   -1.0674   -1.1127   -0.4185   -0.7618   -0.0697    0.3382   -0.0384
    1.4681    0.2713    0.0876   -0.5867    0.3941    0.5230    1.7700    0.9825
   -0.9812    1.0875    0.6847   -0.3367    0.4190    0.4506   -1.7416    0.1830
    0.5010    2.4578    0.0466    0.8619    0.6382    0.5231   -0.8338   -0.1271
   -0.4985   -0.5007    0.9820   -0.3874    0.1894   -0.0909   -0.0145    0.7336
   -1.1410   -0.9624    0.5561    0.5435    0.1541    0.5026   -0.3184   -0.6769
    0.3922   -0.4543    0.5322    1.4703    0.5648    0.7894    0.9303    0.2184
    1.1284    2.1094   -0.4839   -0.5003    2.0416    0.1421   -0.7456    0.3367
   -0.1861   -0.5177   -0.0392   -1.3032    0.0368   -0.2605    0.2877   -0.3505
    4.0097   -0.6672   -3.5038   -3.3087   -2.6097    1.8171    1.0563   -3.1734
    0.7478    3.7336   -1.3719   -0.1545    0.6832    0.8008    0.8271    0.4894
    2.5668   -0.0127   -1.0893   -0.4354   -1.6639   -0.1144   -0.1484   -0.2251
   -0.2094    0.0332   -0.0149    2.5737   -0.4760    0.2224   -0.3988    0.0946
   -0.8765    1.4523   -0.0068    0.0858    0.4335    0.3216    0.5217   -0.5235
    2.1775    0.5114    1.3780   -0.2199    1.0027   -1.3545   -0.1876    0.9694
   -1.8340   -0.9936   -1.8963   -0.7664    1.3411   -2.8617    0.5654   -0.6676
   -0.0635    0.4371    0.9224   -0.6542   -0.8282   -0.3772    0.2212    0.3556
   -2.4901   -0.3604    0.1939    0.4649   -0.0988    0.6524    0.0400   -0.6046
    1.0447   -0.9759   -1.4183   -0.5877    1.2989    1.3870   -0.6199    0.1682
   -0.1669    0.9081    0.5327    1.0943    0.8905    0.1463   -1.0697   -0.6489
   -0.4492    1.8420    0.9926   -0.1843    0.4240   -0.7892   -0.4336   -0.8811
   -0.2355   -1.2505    0.5917    0.7926   -0.1082   -0.5388   -0.0867   -0.3292
   -1.2798    1.1508    0.0419   -0.3391    0.4421    1.0668    0.3502   -0.1127
    2.0298   -1.2586    0.3471    0.1381   -0.3213    0.3525   -0.4179   -0.2261
   -0.8417   -1.2379    1.2910    0.4634    0.0579    0.0329    0.1316    0.2029
   -0.3847    0.4131    1.9502    0.4528   -0.4069   -0.1927    1.2261   -0.5528
   -0.3648   -1.2811    0.6441   -0.3508    1.0780   -0.5737    0.2595    0.3244
    0.3436   -0.0855    0.3918   -1.0498    0.1156    0.7560   -0.4032    0.7308
   -0.1123   -0.8350   -0.2772    1.1402   -0.0569    0.0635   -0.1230   -0.4165
    0.8093   -1.0236   -1.0082    2.4060   -0.7228    0.2808    0.2950    0.0326
    1.0565    1.6682    0.2245   -1.0896   -0.6214   -0.1058   -0.0834    0.7940
   -1.0232   -0.9622    0.0955    0.4002   -0.3199    0.5430   -0.4087   -0.0643
   -0.6873    1.6523   -1.4795    0.6647    0.5319    0.3279    2.0518   -0.5827
    1.6425   -1.5673    1.1685   -0.7285    0.5920    0.4117    0.3374    0.3466
   -0.3283   -0.6666    0.1017    0.5150   -0.4155   -0.5698    0.4939    1.0178
   -0.5785   -0.5159    0.8307    0.0638   -0.7954   -0.2600   -0.5062    0.1320
    0.8674    2.3681   -0.1647   -0.9561   -0.4804   -1.4274   -1.1888    1.8349
    0.2350   -0.1176   -0.5535   -1.1225    0.6304    0.3116   -0.2801    0.4472
   -0.3528    1.6643    0.8834   -0.4406   -1.0476   -0.5448   -0.2914    0.8695
   -0.6542   -0.3638    0.8611    0.7508    1.3737   -0.4964   -1.0077   -1.0845
    1.8839    1.8167   -1.3969    2.2826    2.0173    0.5581   -0.7266   -0.0723
    1.5493    0.0061   -1.2004   -1.2537    0.6321    0.2203    0.0170    0.1056
   -1.2572   -0.7479    0.5917   -0.4646   -0.0156   -0.4974    0.0402   -0.4429
   -0.0886   -1.4980    0.9628    0.1521   -0.0397   -0.4989    0.2272   -0.1841
    0.4664   -1.6870    1.3556   -0.0842   -0.0924    0.0201    0.6114    0.2035
   -1.3217   -1.2791    0.1203   -0.5278   -0.7367    0.0842    0.2469    0.0161
   -2.3479   -0.6136    0.6092    0.0490   -0.7071    0.5336   -0.0283   -0.0652
   -0.6168   -0.9532    0.0938   -0.0122   -0.3229   -0.3302   -0.1647    0.6921
   -0.6673   -1.2930   -0.9206   -1.4817   -0.3163    1.1595   -0.1284   -0.0252
   -0.2737    1.0622    2.4209    0.1183   -1.4670   -0.8398    0.1196    0.1780
   -1.3523    0.1687    0.4121   -0.2570   -0.4906    1.3622   -0.1089   -0.0091
    0.3659    2.0283    0.2397   -0.4817    0.6570    0.3179    1.9219   -0.1132
    1.4745   -0.7996   -0.8722   -1.3190   -0.1850   -0.0162    0.0069    0.4891
   -1.9438   -0.2123   -0.2627    0.5853    0.4061    1.6657    0.0446   -0.0940
   -1.0939   -0.8098    0.9359   -0.2699   -0.0785    0.3340   -0.2369   -0.1346
   -0.5720    0.4470    1.3011    0.1145   -0.6905    0.1021    0.3854    0.4487
    1.0256    0.3000    0.4530    0.3247    0.7947   -0.2327    0.2577    0.7533
   -2.1297    0.3848    0.5225    0.0938   -0.2931   -0.2130   -0.5678   -0.6046
   -0.1926    0.7595   -0.3667   -1.3097    2.1463    0.1816    0.4780   -0.0503
   -2.4005    0.5626   -1.8715    0.1396   -0.7628   -2.5304   -0.2227   -0.3055
    0.8321    1.8578   -0.2703    2.5912   -0.8067    0.2922   -0.1076    0.4346
   -1.2975   -1.0419   -0.6966    0.4010   -0.5297    0.2116   -0.3690   -0.1157
   -1.7059    1.6541    0.4740   -0.3223   -0.7178   -0.4947   -1.2135   -0.1270
   -0.0825   -0.2926   -0.6596   -0.5943    0.4683    0.9432   -0.2185    0.5145
    0.5759   -1.0120    0.3200    2.6144   -0.3687    0.3265   -0.4135   -0.2344
   -0.0315   -1.4346   -1.0081    0.0251   -0.1947    0.4717   -0.3376    0.0002
    2.5336   -0.3131   -2.5745   -0.8621   -1.3170   -0.2404   -0.8297   -0.0887
    1.1407    1.7213    1.7459   -0.1469   -1.6463   -1.7333   -0.1172    1.4309
    0.6995    1.3604    0.8397    1.1065   -0.9906   -0.6365    0.1559    0.6768
   -0.3431    1.3187   -1.1811    1.7974    0.1061   -0.7760   -1.3334   -0.1665
   -1.5059    0.0714   -0.1549   -0.7909    0.9294   -0.3098   -0.4752   -0.1269
    1.5167    1.5523   -1.1276    0.1056   -1.5245   -0.1081    1.1851   -0.0027
    0.6855   -1.5014   -1.6709    1.8678    0.0938    0.9584   -0.3507   -0.4735
   -1.7253    0.2065   -2.0640   -0.5756    0.6308   -2.6757    1.1571   -0.6655
    0.5372    0.4063    0.0757   -1.2446   -1.6608    0.3060   -0.1504    0.2203
   -0.5435   -0.8269   -0.0788   -0.8378    0.5047    0.8479   -0.1789    0.7840
    2.1822   -1.0549   -0.0119   -0.1767    1.3604    0.0174   -0.4526    0.6328
    3.3903   -1.8057    2.5027   -0.3589    2.3183   -1.1460    0.0184   -0.8291
   -0.2244   -1.5222    1.6523    0.5067    0.4711    0.2847    0.0071   -0.2996
   -0.3140   -0.7522    0.3465    0.8989    2.0523   -0.3862   -0.3789   -1.1669
   -0.2852    1.5542   -1.8645    0.1456    0.4304   -4.4735   -0.7028   -0.7385
   -1.7515   -0.7569   -2.0209   -1.0274    1.3953   -2.7813    0.7596   -0.5445
    1.3507    0.4318    0.1523   -0.3966    2.0196    1.4195    0.8651    1.0207
    0.0070    0.1771    1.6694    0.2831    0.1174    0.3450    1.0517   -0.0439
   -0.5813   -1.4742    0.2985    0.5465    0.2170    0.3268    0.0430    0.1228
    0.4342    1.7042    0.4181   -0.6030    1.6920   -0.7707    0.2507   -0.7964
    0.5776    0.6092    1.7822   -0.2464    2.2306   -0.8039   -1.1045   -1.2089
   -1.1607   -0.5270    0.3368    0.3053   -0.2960   -0.3099   -0.4103    0.5248
   -0.7752   -1.1272   -0.3572    1.9990    0.1296    0.5407   -0.2324    0.3012
   -3.5346   -0.6160   -1.7034   -0.9205   -0.5154   -1.5828    0.3069   -0.0423
    2.6210    0.3769   -0.9386   -1.9036   -0.7133   -0.3284   -0.1492    0.2763
   -1.2321   -0.5587    0.2641   -0.1913    0.0348    0.3540    0.0359    0.7025
    0.6271   -1.8492    0.3412   -0.8451   -0.2136   -0.3172   -0.0839   -0.2910
    2.2406   -1.7484   -0.9381    0.5854    0.4495    0.6615   -0.9575   -1.1603
   -1.0913   -0.4718    0.6538   -0.7385    0.2984    0.0753    0.1299    0.5632
   -0.1855   -1.3773    0.6881   -0.9361   -0.0314   -0.0016   -0.0146   -0.2210
   -0.8221   -1.0988    0.6181    0.4689   -0.1473   -0.1699   -0.2029   -0.1906
   -1.2490   -0.7723   -2.5637    0.0418    1.5165   -2.7742    0.6996   -0.6285
