9 2
0.117647 0.595 0 0 0 0.292101 0.321947 0.85 0.069999965 -100 -100
0.470588 0.37 0.57377 0.4 0.0579196 0.52608 0.26772 0.3 0.17411756 -100 -100
0.235294 0.585 0.508197 0.12 0 0.442623 0.12895 0.15 0.13764699 -100 -100
0.176471 0.865 0.672131 0.48 0.549645 0.57228 0.879163 0.0666667 0.152647415 -100 -100
0.764706 0.76 0.737705 0.33 0.034279 0.399404 0.278822 0.366667 0.58117656 -100 -100
0.352941 0.48 0 0 0 0.353204 0.0478224 0.116667 0.16941168 -100 -100
0.0588235 0.45 0.557377 0.08 0 0.365127 0.452605 0.25 0.026470575 -100 -100
0.294118 0.545 0.508197 0.41 0.152482 0.533532 0.186166 0.0666667 0.16029431 -100 -100
0.235294 0.77 0.508197 0.31 0.335697 0.488823 0.0678907 0.0333333 0.18117638 -100 -100
0.470588 0.55 0.622951 0 0 0.414307 0.0678907 0.616667 0.2588234 -100 -100
0.176471 0.62 0.655738 0.33 0.153664 0.494784 0.0969257 0.0833333 0.10941202 -100 -100
0.470588 0.525 0.819672 0.36 0 0.645306 0.0687447 0.4 0.2470587 -100 -100
0.235294 0.71 0.704918 0 0 0.655738 0.242101 0.0166667 0.16705874 -100 -100
0.0588235 0.44 0.245902 0.42 0.117021 0.819672 0.17848 0.0833333 0.02588234 -100 -100
0.588235 0.645 0.622951 0.28 0.144208 0.535022 0.0862511 0.3 0.379411575 -100 -100
0.352941 0.4 0.655738 0.36 0 0.593145 0.0422716 0.116667 0.1411764 -100 -100
0.411765 0.53 0.491803 0.24 0 0.394933 0.0930828 0.133333 0.21823545 -100 -100
0.470588 0.62 0.622951 0.24 0.70922 0.42772 0.260034 0.516667 0.29176456 -100 -100
0.0588235 0.5 0.540984 0.15 0.0661939 0.351714 0.251067 0.0833333 0.02941175 -100 -100
0.588235 0.61 0.639344 0.31 0 0.411326 0.185312 0.4 0.35882335 -100 -100
0.176471 0.865 0.639344 0.39 0.218676 0.503726 0.380871 0.166667 0.152647415 -100 -100
0.117647 0.785 0.606557 0.35 0.520095 0.587183 0.0239112 0.15 0.092352895 -100 -100
0.0588235 0.365 0.409836 0.1 0 0.342772 0.0725875 0 0.0214705775 -100 -100
0.529412 0.62 0.57377 0.33 0.475177 0.527571 0.087105 0.216667 0.32823544 -100 -100
0.235294 0.73 0.639344 0 0 0.57377 0.188728 0.766667 0.17176462 -100 -100
0.647059 0.69 0.606557 0.26 0.170213 0.538003 0.204526 0.483333 0.44647071 -100 -100
0 0.69 0.491803 0.35 0.1974 0.515648 0.194705 0 -100 0
0.529412 0.825 0.721311 0 0 0.453055 0.0956447 0.466667 0.4367649 -100 -100
0.0588235 0.72 0.672131 0.4 0 0.615499 0.225875 0.116667 0.04235292 -100 -100
0.411765 0.51 0.606557 0.4 0.124113 0.554396 0.0538002 0.4 0.21000015 -100 -100
0.235294 0.855 0.590164 0 0 0.649776 0.171221 0.0833333 0.20117637 -100 -100
0.470588 0.895 0.590164 0.42 0.153664 0.487332 0.273698 0.25 0.42117626 -100 -100
0.0588235 0.415 0.557377 0 0 0.271237 0.233134 0.1 0.0244117525 -100 -100
0.352941 0.545 0.491803 0.27 0 0.372578 0.0546541 0.1 0.192352845 -100 -100
0.705882 0.42 0.590164 0.31 0 0.442623 0.0935098 0.416667 0.29647044 -100 -100
0.529412 0.725 0.721311 0.34 0.195035 0.451565 0.295901 0.533333 0.3838237 -100 -100
0.0588235 0.595 0.704918 0.39 0.260047 0.679583 0.311699 0.133333 0.0349999825 -100 -100
0.117647 0.42 0.409836 0.23 0.0898345 0.453055 0.380017 0 0.04941174 -100 -100
0.117647 0.54 0.508197 0.1 0.328605 0.377049 0.342869 0.0166667 0.06352938 -100 -100
0.235294 0.57 0.532787 0 0 0.326379 0.151153 0.266667 0.13411758 -100 -100
0 0.42 0.672131 0.31 0.147754 0.5693 0.0661827 0.0333333 0 -100 -100
0.470588 0.985 0.606557 0 0 0.385991 0.475235 0.3 0.46352918 -100 -100
0.764706 0.79 0.934426 0 0 0.630402 0.0764304 0.383333 0.60411774 -100 -100
0.0588235 0.655 0.52459 0.14 0.490544 0.353204 0.132792 0 0.0385293925 -100 -100
0.411765 0.795 0.52459 0 0 0.408346 0.0922289 0.316667 0.327353175 -100 -100
0.117647 0.48 0.557377 0.13 0.0579196 0.314456 0.242955 0.0833333 0.05647056 -100 -100
0.352941 0.685 0.5 0 0 0.360656 0.0311699 0.566667 0.241764585 -100 -100
0.411765 0.75 0.639344 0.29 0.148936 0.52459 0.262169 0.55 0.30882375 -100 -100
0.176471 0.53 0.590164 0 0 0.384501 0.0550811 0.1 0.09352963 -100 -100
0 0.645 0.655738 0 0 0.464978 0.266866 0.133333 0 -100 -100
0.0588235 0.48 -100 -100 0 0.33383 0.0550811 0.1 0.02823528 -100 -100
0.352941 0.74 0.590164 0.35 0 0.500745 0.234415 0.483333 0.26117634 -100 -100
0.0588235 0.535 0.590164 0.3 0.0969267 0.459016 0.31725 0.05 0.0314705725 -100 -100
0 0.535 0.508197 0.3 0.0874704 0.545455 0.289923 0.0666667 0 -100 -100
0 0.42 0.52459 0.22 0.0780142 0.533532 0.199402 0 0 -100 -100
0.235294 0.725 0.672131 0.18 0 0.484352 0.0670367 0.816667 0.17058815 -100 -100
0 0.525 0.737705 0 0 0.441133 0.0508113 0.416667 0 -100 -100
0.117647 0.53 0.459016 0.27 0.195035 0.432191 0.148591 0.0166667 0.06235291 -100 -100
0.176471 0.58 0 0 0 0.350224 0.0465414 0.0333333 0.10235318 -100 -100
0.588235 0.575 0 0 0 0.52608 0.0239112 0.133333 0.338235125 -100 -100
0.117647 0.45 0.655738 0.14 0.0650118 0.363636 0.0730145 0.05 0.05294115 -100 -100
0 0.63 0.704918 0.27 0.141844 0.408346 0.186593 0 0 -100 -100
0.117647 0.775 0.42623 0.27 0.638298 0.576751 0.0691716 0.0666667 0.091176425 -100 -100
0 0.615 0.721311 0.37 0 0.52459 0.0508113 0.133333 0 -100 -100
0.235294 0.64 0.57377 0 0 0.511177 0.0960717 0.05 0.15058816 -100 -100
0.588235 0.645 0.508197 0.36 0 0.614009 0.154996 0.283333 0.379411575 -100 -100
1 0.815 0.590164 0.41 0.134752 0.609538 0.315542 0.433333 0.815 -100 -100
0.411765 0.47 0.52459 0.25 0.0933806 0.496274 0.28181 0.333333 0.19352955 -100 -100
0.588235 0.54 0.540984 0 0 0.482861 0.0828352 0.35 0.3176469 -100 -100
0.0588235 0.51 0.606557 0 0 0.588674 0.0918019 0.35 0.029999985 -100 -100
0.176471 0.53 0.442623 0.21 0.186761 0.460507 0.0913749 0.05 0.09352963 -100 -100
0.176471 0.435 0.491803 0.18 0 0.324888 0.156277 0 0.076764885 -100 -100
0.235294 0.475 0.491803 0.32 0 0.527571 0.087959 0.116667 0.11176465 -100 -100
0.529412 0.445 0.508197 0 0 0.33532 0.0273271 0.2 0.23558834 -100 -100
0.470588 0.625 0.786885 0 0 0 0.0657558 0.55 0.2941175 -100 -100
0.0588235 0.535 0.409836 0.19 0 0.421759 0.0439795 0.133333 0.0314705725 -100 -100
0.411765 0.975 0.57377 0.33 0.171395 0.374069 0.0362938 0.566667 0.401470875 -100 -100
0 0.525 0.52459 0.41 0.167849 0.61848 0.0405636 0.0166667 0 -100 -100
0.0588235 0.695 0.508197 0.41 0.567376 0.606557 0.195559 0 0.0408823325 -100 -100
0.0588235 0.625 0.57377 0.24 0.130024 0.362146 0.0610589 0.0666667 0.0367646875 -100 -100
0.294118 0.39 0.393443 0 0 0.502235 0.245944 0.0666667 0.11470602 -100 -100
0.470588 0.915 0.52459 0 0 0.347243 0.253629 0.183333 0.43058802 -100 -100
0.117647 0.51 0.704918 0.36 0.141844 0.678092 0.0209223 0.0333333 0.05999997 -100 -100
0.176471 0.645 0.52459 0.29 0.135934 0.393443 0.060205 0.116667 0.113823795 -100 -100
0.352941 0.645 0.737705 0.07 0.385343 0.292101 0.215201 0.65 0.227646945 -100 -100
0 0.755 0.737705 0.46 0 0.627422 0.125107 0 -100 0
0.117647 0.535 0.606557 0.3 0.118203 0.500745 0.139197 0.0333333 0.062941145 -100 -100
0.176471 0.74 0.540984 0.25 0 0.484352 0.0760034 0.0166667 0.13058854 -100 -100
0.294118 0.83 0.622951 0 0 0.681073 0.11187 0.1 0.24411794 -100 -100
0.235294 0.55 0.754098 0 0 0.560358 0.0482494 0.15 0.1294117 -100 -100
0 0.495 0 0 0 0.372578 0.0747225 0.0166667 0 -100 -100
0.529412 0.65 0.57377 0 0 0.509687 0.24509 0.4 0.3441178 -100 -100
0.235294 0.74 0.491803 0.27 0.375887 0.460507 0.030743 0.133333 0.17411756 -100 -100
0.294118 0.605 0.590164 0.23 0.132388 0.390462 0.0713066 0.15 0.17794139 -100 -100
0.0588235 0.495 0.47541 0.1 0 0.378539 0.201964 0 0.0291176325 -100 -100
0.588235 0.575 0 0 0 0 0.0781383 0.15 0.338235125 -100 -100
0.0588235 0.485 0.57377 0.4 0 0.567809 0.059778 0.15 0.0285293975 -100 -100
0.411765 0.895 0.778689 0.31 0 0.509687 0.0367208 0.65 0.368529675 -100 -100
0.235294 0.55 0.540984 0 0 0.47541 0.167805 0.133333 0.1294117 -100 -100
0.529412 0.595 0.655738 0.35 0 0.432191 0.0789923 0.133333 0.31500014 -100 -100
0.411765 0.625 0.704918 0 0 0.560358 0.0964987 0.5 0.257353125 -100 -100
0.0588235 0.98 0.622951 0.36 0.294326 0.543964 0.340307 0.133333 0.05764703 -100 -100
0.352941 0.4 0.540984 0.3 0 0.390462 0.100342 0.333333 0.1411764 -100 -100
0.411765 0.485 0.622951 0.32 0.107565 0.609538 0.338599 0.183333 0.199706025 -100 -100
0.294118 0.495 0.606557 0.27 0 0.432191 0.0533732 0.183333 0.14558841 -100 -100
0.0588235 0.835 0.606557 0.17 0.170213 0.348733 0.157558 0.2 0.0491176225 -100 -100
0 0.475 0.52459 0.39 0.124113 0.66468 0.122972 0.0166667 0 -100 -100
0 0.37 0.42623 0.1 0.0425532 0.414307 0.0815542 0.0166667 0 -100 -100
0.294118 0.79 0.57377 0 0 0.444113 0.0550811 0.7 0.23235322 -100 -100
0.176471 0.54 0.508197 0.24 0 0.387481 0.0619129 0.0666667 0.09529434 -100 -100
0.0588235 0.465 0.57377 0.31 0 0.453055 0.101196 0.0333333 0.0273529275 -100 -100
0.117647 0.705 0.47541 0.34 0.1513 0.378539 0.265158 0.05 0.082941135 -100 -100
0.0588235 0.63 0.491803 0 0 0.448584 0.115713 0.433333 0.037058805 -100 -100
0.235294 0.985 0.57377 0.39 0.879433 0.546945 0.961144 0.166667 0.23176459 -100 -100
0 0.505 0.52459 0.17 0 0.312966 0.0742955 0 0 -100 -100
0 0.685 0.688525 0.27 0 0.406855 0.0653288 0.633333 0 -100 -100
0.352941 0.51 0.672131 0 0 0.459016 0.0435525 0.25 0.17999991 -100 -100
0.0588235 0.965 0.409836 0.16 0.443262 0.385991 0.246371 0.05 0.0567646775 -100 -100
0.470588 0.835 0.868852 0.46 0.27305 0.560358 0.0371477 0.366667 0.39294098 -100 -100
0.117647 0.55 0.606557 0.29 0.147754 0.482861 0.264731 0.1 0.06470585 -100 -100
0.352941 0.515 0.540984 0 0 0.362146 0.0730145 0.133333 0.181764615 -100 -100
0 0.685 0.557377 0.14 0.174941 0.369598 0.0277541 0 0 -100 -100
0.352941 0.625 0.557377 0.3 0.141844 0.447094 0.164816 0.183333 0.220588125 -100 -100
0.529412 0.76 0.639344 0.34 0.202128 0.509687 0.347993 0.2 0.40235312 -100 -100
0.0588235 0.86 0.557377 0.49 0.684397 0.631893 0.266439 0.116667 0.05058821 -100 -100
0.0588235 0.995 0.622951 0.43 0 0.639344 0.561913 0.0166667 0.0585293825 -100 -100
0.352941 0.575 0.491803 0.39 0 0.502235 0.0713066 0.316667 0.202941075 -100 -100
0.529412 0.855 0.901639 0.24 0.283688 0.676602 0.274552 0.55 0.45264726 -100 -100
0.117647 0.405 0.491803 0.22 0 0.412817 0.0905209 0.0666667 0.047647035 -100 -100
0.176471 0.415 0.47541 0.31 0.0212766 0.511177 0.110162 0.0666667 0.073235465 -100 -100
0 0.595 0.52459 0.18 0.108747 0.520119 0.27626 0.0333333 0 -100 -100
0.117647 0.605 0.57377 0.32 0.112293 0.582712 0.345004 0.0333333 0.071176435 -100 -100
0.294118 0.48 0.606557 0.18 0.0791962 0.500745 0.3924 0.366667 0.14117664 -100 -100
0.235294 0.615 0.508197 0 0 0.4769 0.0631939 0.233333 0.14470581 -100 -100
0.411765 0.92 0.688525 0.33 0 0.529061 0.118275 0.333333 0.3788238 -100 -100
0.117647 0.545 0.754098 0 0 0.636364 0.327498 0.55 0.064117615 -100 -100
0.705882 0.605 0.639344 0.17 0 0.394933 0.0772844 0.683333 0.42705861 -100 -100
0 0.505 0.622951 0 0 0.532042 0.0512383 0.0833333 0 -100 -100
0.117647 0.425 0.532787 0 0 0.590164 0.363792 0.1 0.049999975 -100 -100
0 0.47 0.57377 0.27 0.135934 0.648286 0.114859 0 0 -100 -100
0.117647 0.56 0.614754 0.32 0 0.532042 0.029889 0 0.06588232 -100 -100
0.0588235 0.435 0.491803 0.37 0.0886525 0.554396 0.184031 0.0166667 0.0255882225 -100 -100
0.117647 0.615 0.393443 0.32 0.195035 0.627422 0.188728 0.0833333 0.072352905 -100 -100
0.117647 0.355 0.57377 0.27 0 0.417288 0.216909 0.0166667 0.041764685 -100 -100
0.411765 0.68 0.606557 0.26 0.159574 0.387481 0.242955 0.5 0.2800002 -100 -100
0.352941 0.54 0.360656 0.2 0.153664 0.357675 0.313834 0.233333 0.19058814 -100 -100
0.294118 0.83 0.590164 0.19 0.206856 0.384501 0.217336 0.5 0.24411794 -100 -100
0.0588235 0.48 0.52459 0.27 0.102837 0.494784 0.0900939 0 0.02823528 -100 -100
0.764706 0.765 0.721311 0.37 0.165485 0.605067 0.467976 0.3 0.58500009 -100 -100
0.176471 0.58 0.606557 0.15 0.124113 0.391952 0.0123826 0.05 0.10235318 -100 -100
0.0588235 0.715 0.704918 0.3 0.390071 0.448584 0.347566 0.0333333 0.0420588025 -100 -100
0.882353 0.68 0.57377 0.32 0.130024 0.552906 0.0320239 0.366667 0.60000004 -100 -100
0.352941 0.525 0.655738 0.28 0 0.484352 0.341588 0.0833333 0.185294025 -100 -100
0 0.455 0.557377 0.32 0.248227 0.594635 0.129377 0.0666667 0 -100 -100
0.176471 0.39 0.409836 0.32 0.104019 0.461997 0.0725875 0.0833333 0.06882369 -100 -100
0.117647 0.37 0 0 0 0 0.0102477 0.0166667 0.04352939 -100 -100
0.117647 0.44 0.47541 0.26 0.0189125 0.423249 0.293766 0.0166667 0.05176468 -100 -100
0.588235 0.45 0.696721 0.32 0 0.520119 0.318958 0.583333 0.26470575 -100 -100
0.0588235 0.785 0.590164 0.21 0.198582 0.38152 0.0192143 0.05 0.0461764475 -100 -100
0.294118 0.575 0.622951 0 0 0.464978 0.113151 0.383333 0.16911785 -100 -100
0.235294 0.77 0.590164 0.29 0.148936 0.466468 0.111016 0.266667 0.18117638 -100 -100
0.294118 0.81 0.852459 0 0 0.561848 0.0311699 0.516667 0.23823558 -100 -100
0.352941 0.595 0.409836 0.22 0.208038 0.403875 0.529462 0.2 0.209999895 -100 -100
0.117647 0.62 0.557377 0.28 0.242317 0.490313 0.340307 0.15 0.07294114 -100 -100
0.0588235 0.755 0.491803 0 0 0.388972 0.0431255 0.0166667 0.0444117425 -100 -100
0.411765 0.57 0.622951 0.17 0.130024 0.354694 0.16567 0.166667 0.23470605 -100 -100
0 0.51 0.704918 0.17 0.124113 0.436662 0.26345 0.1 0 -100 -100
0.176471 0.645 0.754098 0.49 0.183215 0.542474 0.380017 0.183333 0.113823795 -100 -100
0.529412 0.78 0.704918 0 0 0.369598 0.0649018 0.533333 0.41294136 -100 -100
0.411765 0.57 0.540984 0 0 0.488823 0.0768574 0.35 0.23470605 -100 -100
0.352941 0.67 0.655738 0.37 0.437352 0.688525 0.0683177 0.416667 0.23647047 -100 -100
0.294118 0.66 0.655738 0 0 0.399404 0.0461144 0.8 0.19411788 -100 -100
0.764706 0.38 0.491803 0 0 0.488823 0.0435525 0.333333 0.29058828 -100 -100
0.176471 0.405 0.704918 0.16 0.0780142 0.409836 0.0973527 0.0166667 0.071470755 -100 -100
0 0.465 0.491803 0.25 0.108747 0.42772 0.193851 0.0166667 0 -100 -100
0 0.465 0.491803 0 0 0.52608 0.0789923 0.0666667 0 -100 -100
0.117647 0.985 0.57377 0.45 0.641844 0.454545 0.0341588 0.533333 0.115882295 -100 -100
0.117647 0.405 0.590164 0.15 0.0898345 0.448584 0.200256 0.0666667 0.047647035 -100 -100
0 0.585 0.540984 0.31 0.222222 0.459016 0.177199 0.0166667 0 -100 -100
0.588235 0.625 0.57377 0.26 0.135934 0.463487 0.0542272 0.333333 0.367646875 -100 -100
0.411765 0.57 0.52459 0 0 0.408346 0.279249 0.216667 0.23470605 -100 -100
0.235294 0.46 0.655738 0 0 0.628912 0.0678907 0.133333 0.10823524 -100 -100
0.588235 0.61 0.557377 0 0 0.464978 0.0768574 0.333333 0.35882335 -100 -100
0.117647 0.65 0.786885 0 0 0.336811 0.0811272 0 0.07647055 -100 -100
0.352941 0.52 0.606557 0.18 0.184397 0.445604 0.274979 0.333333 0.18352932 -100 -100
0.294118 0.495 0.442623 0.28 0.0981087 0.506706 0.179761 0.15 0.14558841 -100 -100
0.0588235 0.475 0.606557 0.21 0.0862884 0.385991 0.254056 0.25 0.0279411625 -100 -100
0.411765 0.545 0.655738 0.31 0 0.535022 0.447908 0.366667 0.224411925 -100 -100
0.352941 0.455 0 0 0 0.444113 0.180615 0.166667 0.160588155 -100 -100
0.0588235 0.545 0.47541 0.18 0.137116 0.424739 0.060205 0.0166667 0.0320588075 -100 -100
0.117647 0.645 0.688525 0 0 0.417288 0.087959 0.1 0.075882315 -100 -100
0.294118 0.52 0.606557 0 0 0.42921 0.0320239 0.45 0.15294136 -100 -100
0.176471 0.81 0.42623 0.38 0 0.554396 0.24509 0.05 0.14294151 -100 -100
0.352941 0.425 0.639344 0 0 0.464978 0.129804 0.35 0.149999925 -100 -100
0 0.73 0.57377 0 0 0.564829 0.109308 0.116667 0 -100 -100
0.235294 0.66 0.704918 0.31 0 0.417288 0.145602 0.7 0.15529404 -100 -100
0.176471 0.865 0.688525 0.33 0.560284 0.532042 0.0768574 0.0166667 0.152647415 -100 -100
0.0588235 0.68 0.606557 0.5 0.241135 0.557377 0.137062 0.05 0.03999998 -100 -100
0.235294 0.495 0.557377 0.38 0 0.488823 0.028608 0.2 0.11647053 -100 -100
0.235294 0.56 0.639344 0.4 0 0.587183 0.0674637 0.283333 0.13176464 -100 -100
0 0.47 0 0 0 0 0.0760034 0.0666667 0 -100 -100
0.0588235 0.64 0.721311 0.39 0.130024 0.543964 0.418019 0.266667 0.03764704 -100 -100
0.235294 0.635 0.721311 0.11 0.183215 0.514158 0.222032 0.116667 0.14941169 -100 -100
0.294118 0.84 0.52459 0 0 0.490313 0.0243382 0.333333 0.24705912 -100 -100
0.529412 0.82 0.639344 0 0 0.488823 0.029889 0.4 0.43411784 -100 -100
0.117647 0.435 0 0.23 0 0.4307 0.296755 0.0666667 0.051176445 -100 -100
0.0588235 0.65 0.57377 0.13 0.124113 0.385991 0.168232 0.0166667 0.038235275 -100 -100
0.117647 0.45 0.491803 0 0 0.350224 0.0482494 0.0666667 0.05294115 -100 -100
0.588235 0.505 0.622951 0.48 0.212766 0.490313 0.0397096 0.7 0.297058675 -100 -100
