2.00
2.06
2.13
2.19
2.25
2.31
2.38
2.44
2.50
2.56
2.62
2.68
2.74
2.80
2.85
2.91
2.97
3.02
3.07
3.13
3.18
3.23
3.28
3.33
3.37
3.42
3.46
3.50
3.54
3.58
3.62
3.66
3.69
3.72
3.76
3.78
3.81
3.84
3.86
3.88
3.90
3.92
3.94
3.95
3.97
3.98
3.99
3.99
4.00
4.00
4.00
4.00
4.00
3.99
3.98
3.97
3.96
3.95
3.93
3.92
3.90
3.88
3.86
3.83
3.81
3.78
3.75
3.72
3.68
3.65
3.61
3.57
3.53
3.49
3.45
3.41
3.36
3.31
3.27
3.22
3.17
3.11
3.06
3.01
2.95
2.90
2.84
2.78
2.72
2.66
2.60
2.54
2.48
2.42
2.36
2.30
2.24
2.17
2.11
2.05
1.98
1.92
1.86
1.80
1.73
1.67
1.61
1.55
1.49
1.43
1.37
1.31
1.25
1.19
1.13
1.08
1.02
0.97
0.91
0.86
0.81
0.76
0.71
0.66
0.62
0.57
0.53
0.49
0.45
0.41
0.37
0.33
0.30
0.27
0.24
0.21
0.18
0.16
0.13
0.11
0.09
0.07
0.06
0.04
0.03
0.02
0.01
0.01
0.00
0.00
0.00
0.00
0.01
0.01
0.02
0.03
0.04
0.05
0.07
0.09
0.11
0.13
0.15
0.17
0.20
0.23
0.26
0.29
0.33
0.36
0.40
0.44
0.48
0.52
0.56
0.61
0.65
0.70
0.75
0.80
0.85
0.90
0.95
1.01
1.06
1.12
1.18
1.23
1.29
1.35
1.41
1.47
1.53
1.59
1.66
1.72
1.78
1.84
1.91
1.97
2.03
2.09
2.16
2.22
2.28
2.34
2.41
2.47
2.53
2.59
2.65
2.71
2.77
2.82
2.88
2.94
2.99
3.05
3.10
3.15
3.20
3.25
3.30
3.35
3.39
3.44
3.48
3.52
3.56
3.60
3.64
3.67
3.71
3.74
3.77
3.80
3.83
3.85
3.87
3.89
3.91
3.93
3.95
3.96
3.97
3.98
3.99
3.99
4.00
4.00
4.00
4.00
3.99
3.99
3.98
3.97
3.96
3.94
3.93
3.91
3.89
3.87
3.84
3.82
3.79
3.76
3.73
3.70
3.67
3.63
3.59
3.55
3.51
3.47
3.43
3.38
3.34
3.29
3.24
3.19
3.14
3.09
3.03
2.98
2.92
2.87
2.81
2.75
2.69
2.63
2.57
2.51
2.45
2.39
2.33
2.27
2.20
2.14
2.08
2.02
1.95
1.89
1.83
1.76
1.70
1.64
1.58
1.52
1.46
1.40
1.34
1.28
1.22
1.16
1.10
1.05
0.99
0.94
0.89
0.83
0.78
0.73
0.69
0.64
0.59
0.55
0.51
0.47
0.43
0.39
0.35
0.32
0.28
0.25
0.22
0.19
0.17
0.14
0.12
0.10
0.08
0.07
0.05
0.04
0.03
0.02
0.01
0.00
0.00
0.00
0.00
0.00
0.01
0.01
0.02
0.03
0.05
0.06
0.08
0.10
0.12
0.14
0.16
0.19
0.22
0.24
0.28
0.31
0.34
0.38
0.42
0.46
0.50
0.54
0.58
0.63
0.67
0.72
0.77
0.82
0.87
0.93
0.98
1.03
1.09
1.15
1.20
1.26
1.32
1.38
1.44
1.50
1.56
1.62
1.69
1.75
1.81
1.87
1.94
2.00
